CountryName	CountryCode	log_tot_case_per_million_may	log_tot_case_per_million_jun	G_Temp_C_Jan2016	G_Temp_C_Feb2016	G_Temp_C_Mar2016	G_Temp_C_Apr2016	H_Diabetes2019	E_Urban_pct2018	E_Employ2018_serv_pct_tot_emp	E_Employ2018_agri_pct_tot_emp	E_Employ2018_ind_pct_tot_emp	log_H_covidduration_11May	log_H_covidduration_10Jun	log_E_TotVisitor2018_permillion	log_D_Popden2018	log_G_Rain_mm_Jan2016	log_G_Rain_mm_Feb2016	log_G_Rain_mm_Mar2016	log_G_Rain_mm_Apr2016	H_DALY_CVD_70yrs	H_DALY_resp_70yrs	H_DALY_CVD_all	H_DALY_resp_all	D_Age_15_64y_2018	D_Pop_over65_2018	log_G_Land_area_sqkm
Bonaire Sint Eustatius and Saba	BES	2.361395379	2.428073211	NA	NA	NA	NA	NA	NA	NA	NA	NA	1.612783857	1.851258349	NA	NA	NA	NA	NA	NA	NA	NA	NA	NA	NA	NA	2.515873844
Burundi	BDI	0.414639147	0.902002891	21.9844	21.4975	21.5936	20.715	5.1	13.032	6.484000206	92.01100159	1.504999995	1.62324929	1.857332496	NA	2.640658569	2.45700789	2.122661416	2.311202699	2.354673039	1.894869657	1.178976948	2.557025722	2.035829825	53.25137878	3.246940461	4.409595019
South Sudan	SSD	1.174234305	2.159251283	27.3052	29.0704	32.0408	30.7462	10.2	19.615	28.67200089	57.7120018	13.61600018	1.62324929	1.857332496	NA	NA	0.692405353	0.896816568	1.555922326	1.710677439	2.034628457	1.267171729	2.558708571	1.993876915	55.78139564	4.398482881	5.792213032
Sierra Leone	SLE	1.596443141	2.112253	25.9218	27.2571	28.7228	28.9914	2.4	42.055	38.09600067	55.56399918	6.34100008	1.62324929	1.857332496	3.886930719	2.033372164	1.121379261	0.906817024	1.324121881	2.025121456	1.894316063	1.120573932	2.644340099	1.943988875	56.9738045	3.96655621	4.858416878
Botswana	BWA	1.032618761	1.275541688	27.9148	27.9282	25.7972	21.8037	5.8	69.446	60.81100082	21.02700043	18.16200066	1.62324929	1.857332496	NA	0.776514127	1.785119045	1.790932955	1.925787389	1.263969649	1.45484486	0.934498451	1.857935265	1.421603927	62.66317964	5.223874346	5.753376203
Northern Mariana Islands	MNP	2.445580853	2.717855164	26.7986	26.5479	27.0197	28.4634	NA	91.618	NA	NA	NA	1.633468456	1.86332286	6.972939271	2.099185034	2.217620791	2.391529648	2.130336985	2.02261805	NA	NA	NA	NA	NA	NA	2.662757832
Puerto Rico	PRI	2.88609912	3.258494809	24.0992	24.2907	24.4739	25.2955	13.7	93.578	83.22499847	1.077999949	15.69699955	1.662757832	1.880813592	5.953935047	2.558972642	1.822932001	2.169674434	1.92244362	2.588161859	NA	NA	NA	NA	65.48906365	19.67485023	3.94792362
British Virgin Islands	VGB	2.366430429	2.424190461	NA	NA	NA	NA	14.2	47.723	NA	NA	NA	1.672097858	1.886490725	6.796703081	2.302504092	NA	NA	NA	NA	NA	NA	NA	NA	NA	NA	2.176091259
Guinea-Bissau	GNB	2.568087854	2.84929224	26.6811	26.8122	28.8933	30.2675	2.4	43.36	24.50600052	68.4980011	6.995999813	1.672097858	1.886490725	NA	1.836665513	0.301029996	0.31458974	0.301029996	0.458938352	1.290034611	0.672097858	1.799340549	1.225309282	55.83713146	3.823716332	4.449015316
Anguilla	AIA	2.303137715	2.303137715	NA	NA	NA	NA	NA	NA	NA	NA	NA	1.672097858	1.886490725	NA	NA	NA	NA	NA	NA	NA	NA	NA	NA	NA	NA	1.959041392
Sint Maarten (Dutch part)	SXM	3.248783439	3.254457439	NA	NA	NA	NA	6.8	100	NA	NA	NA	1.681241237	1.892094603	6.648297409	NA	NA	NA	NA	NA	NA	NA	NA	NA	NA	NA	1.531478917
Saint Kitts and Nevis	KNA	2.451781832	2.451781832	24.15	24.25	24.15	25.0499	13.3	30.776	NA	NA	NA	1.681241237	1.892094603	6.357958802	2.308982829	1.936388061	1.958682833	2.203302196	2.072154276	NA	NA	NA	NA	NA	NA	2.414973348
Mali	MLI	1.553446086	1.899371755	22.3765	24.113	28.3757	32.667	2.4	42.356	29.34300041	63.00600052	7.651000023	1.681241237	1.892094603	2.891568677	1.246375854	0.346568112	0.369234416	0.416086054	0.987285867	2.259832699	1.58546073	2.838660226	2.339848783	50.94928386	3.507229755	6.086427461
Turks and Caicos Islands	TCA	2.492666817	2.492666817	NA	NA	NA	NA	NA	93.098	NA	NA	NA	1.69019608	1.897627091	7.101601737	1.619587565	NA	NA	NA	NA	NA	NA	NA	NA	NA	NA	2.977723605
Laos	LAO	0.557627488	0.557627488	19.5814	19.5894	24.1649	27.6786	6.4	35.004	25.14900017	63.24399948	11.60700035	1.69019608	1.897627091	5.746501308	1.513161434	2.046268789	1.014323087	1.377461068	1.870787695	2.011993115	1.414973348	2.56205483	2.004751155	64.32093131	5.075149969	5.363235804
Libya	LBY	1.013427127	1.69299665	13.1445	16.7334	19.3004	24.316	10.2	80.102	58.64500046	18.43300056	22.92300034	1.69019608	1.897627091	NA	0.76310083	0.944418016	0.505092973	0.418717153	0.442053104	2.02201574	1.1430148	2.488409688	1.695481676	68.28872198	5.392040257	6.245399144
United States Virgin Islands	VIR	2.8207097	2.833100555	NA	NA	NA	NA	12.3	95.721	76.89900208	3.388999939	19.71199989	1.69019608	1.897627091	6.568291445	2.488054903	NA	NA	NA	NA	NA	NA	NA	NA	61.99828041	20.28830724	2.544068044
Curacao	CUW	1.993445049	2.110492067	NA	NA	NA	NA	11.6	89.145	NA	NA	NA	1.698970004	1.903089987	6.43136493	NA	NA	NA	NA	NA	NA	NA	NA	NA	65.43115913	17.68489481	2.64738297
Myanmar	MMR	0.634275695	0.742017747	17.4929	20.0651	23.8188	26.5187	3.9	30.579	34.26599884	49.70000076	16.0340004	1.698970004	1.903089987	4.827022914	1.92551122	1.327565303	1.066844532	1.348174361	1.789664602	2.952744024	2.547774705	3.450418481	3.048791274	68.84430976	6.784641929	5.814966384
Belize	BLZ	1.665290113	1.688277407	23.2621	22.9213	25.9332	27.5573	17.1	45.724	67.23400116	17.08600044	15.68000031	1.698970004	1.903089987	6.124697263	1.27401908	1.823487923	1.996598785	1.87162897	1.767116518	0.806179974	0.414973348	1.155336037	0.698970004	65.98377586	5.736458777	4.358125285
Saint Vincent and the Grenadines	VCT	2.188157595	2.388028339	26.7	26.3899	26.8	27.99	11.6	52.198	69.10500336	10.94499969	19.9489994	1.698970004	1.903089987	5.86311114	2.454219244	1.818489822	1.619406411	1.975523713	1.630936119	0.681241238	0.342422681	0.949390006	0.505149978	68.86890597	10.58978686	2.591064607
Aruba	ABW	2.976347227	2.976347227	NA	NA	NA	NA	11.6	43.411	NA	NA	NA	1.707570176	1.908485019	7.013771119	2.770872458	NA	NA	NA	NA	NA	NA	NA	NA	69.64660594	14.55094714	2.255272505
Grenada	GRD	2.273313852	2.312621583	26.6788	26.2818	26.7788	27.8754	10.7	36.272	NA	NA	NA	1.707570176	1.908485019	6.236501758	2.518258398	1.711529698	1.507797872	1.921179069	1.85124795	0.62324929	0.342422681	0.875061264	0.447158031	67.81680338	10.62190679	2.531478917
Dominica	DMA	2.348791468	2.399727356	24.1652	24.0698	24.1029	25.0843	11.6	70.483	NA	NA	NA	1.707570176	1.908485019	5.932800703	1.989004615	2.262432104	2.140972886	2.499950878	2.119001706	NA	NA	NA	NA	NA	NA	2.875061263
Mozambique	MOZ	0.592287816	1.190135521	26.4742	27.2757	26.9119	24.6275	3.3	35.988	21.00200081	70.58699799	8.411000252	1.707570176	1.908485019	4.978393767	1.596690929	2.317306837	2.048018179	2.092039552	1.936106904	2.361727836	1.471291711	2.829175074	2.264581729	53.43843538	3.890764458	5.89563246
Syria	SYR	0.566555331	0.970486349	6.20466	11.5363	13.8191	19.6743	13.5	54.162	62.23699951	11.00800037	26.75499916	1.707570176	1.908485019	NA	1.973437792	1.781158438	1.506081355	1.610207538	1.25808149	2.509740015	1.462397998	2.981229487	2.125481265	65.07533478	5.503124422	5.263943634
Uganda	UGA	0.561697533	1.186476031	25.2064	25.3727	25.3145	24.3254	2.5	23.774	20.52899933	72.875	6.596000195	1.716003344	1.913813852	NA	2.332563144	1.947476855	1.47174924	1.961582916	2.26072949	2.359266165	1.63447727	2.973728059	2.493876111	52.12848785	2.94098692	5.302157696
Eritrea	ERI	1.079072659	1.099024216	22.8108	24.7936	28.3323	28.914	5.1	NA	29.92000008	61.61800003	8.461999893	1.716003344	1.913813852	NA	NA	1.013282254	0.382148572	0.717718756	1.262942063	1.759667845	1.021189299	2.267640983	1.664641976	NA	NA	5.004321374
Angola	AGO	0.374565061	0.593396842	24.4096	24.4343	23.8346	22.2593	4.5	65.514	41.27500153	50.51800156	8.206999779	1.716003344	1.913813852	3.878920405	1.42672351	2.077654918	2.107416889	2.166151744	1.928127921	2.264345507	1.480006943	2.828273112	2.336659824	51.97470165	3.216373646	6.095761959
Timor	TLS	1.283369082	1.283369082	26.7362	26.8982	27.209	27.0801	6.7	30.578	45.02500153	45.47900009	9.49600029	1.716003344	1.913813852	4.771725044	1.940867352	2.350344949	2.048472879	2.368011527	2.063543511	1.130333768	0.716003343	1.595496221	1.149219113	58.90284342	5.316492297	4.172310969
Montserrat	MSR	3.342706853	3.342706853	NA	NA	NA	NA	NA	NA	NA	NA	NA	1.716003344	1.913813852	NA	NA	NA	NA	NA	NA	NA	NA	NA	NA	NA	NA	2.008600172
Isle of Man	IMN	3.589043449	3.596866824	NA	NA	NA	NA	NA	52.588	NA	NA	NA	1.72427587	1.919078092	NA	2.174651385	NA	NA	NA	NA	NA	NA	NA	NA	NA	NA	2.755874856
Niger	NER	1.543024485	1.615287063	19.3265	22.6202	28.7113	32.391	2.4	16.425	17.4829998	75.31199646	7.204999924	1.72427587	1.919078092	3.880556368	1.294855167	0.303209021	0.386982039	0.340745438	0.590705887	2.223755454	1.445604203	2.861175835	2.256958153	48.42066749	3.595007883	6.102673771
Madagascar	MDG	0.855821905	1.624240831	25.2028	25.3506	25.4249	24.1394	4.5	37.191	26.43099976	64.6740036	8.895999908	1.72427587	1.919078092	4.067827328	1.673388248	2.352867198	2.368961516	2.282044028	1.968272288	2.371437318	1.667452953	2.968996326	2.461048091	57.3451323	3.986717128	5.764773717
Zimbabwe	ZWE	0.534280005	1.344902908	25.249	26.0157	24.6239	21.4851	1.8	32.209	26.80599976	66.30699921	6.887000084	1.72427587	1.919078092	5.203440304	1.594664214	1.668792993	1.657020457	2.061720061	1.151960971	2.053078444	1.463892989	2.670987603	2.15075644	55.65941007	3.93952365	5.587542601
Papua New Guinea	PNG	0.277379975	0.277379975	25.8074	26.1561	25.9989	25.9956	17.9	13.169	34.1969986	59.36800003	6.434999943	1.72427587	1.919078092	4.238476619	1.322309523	2.490299878	2.487481997	2.525833599	2.380965174	1.925312091	1.426511261	2.627263416	2.143639235	61.73879631	4.445269247	5.655963962
Cape Verde	CPV	2.646850535	3.022503016	23.7507	22.2554	21.4185	22.0371	2.4	65.732	66.28199768	11.8380003	21.87999916	1.72427587	1.919078092	6.119218739	2.1364979	0.301029996	1.137290799	1.146084604	1.175329127	1.773054694	1.06069784	2.300160537	1.733197265	67.61290595	5.609327151	3.605305046
New Caledonia	NCL	1.806512353	1.872488425	25.1409	26.4996	25.2184	24.2233	21.8	70.683	77.00499725	1.985000014	21.01000023	1.72427587	1.919078092	5.635139513	1.244014418	1.699611418	2.34277984	2.451441011	1.71663178	NA	NA	NA	NA	69.08491634	10.17415794	4.261976191
Gibraltar	GIB	3.636939208	3.718081889	NA	NA	NA	NA	NA	100	NA	NA	NA	1.73239376	1.924279286	NA	3.528119334	NA	NA	NA	NA	NA	NA	NA	NA	NA	NA	1
Bermuda	BMU	3.277811303	3.355111154	NA	NA	NA	NA	6.7	100	NA	NA	NA	1.73239376	1.924279286	6.635124796	3.074301626	NA	NA	NA	NA	NA	NA	NA	NA	NA	NA	1.698970004
Cayman Islands	CYM	3.091139858	3.427977253	NA	NA	NA	NA	6.8	100	NA	NA	NA	1.73239376	1.924279286	6.881921337	2.430384157	NA	NA	NA	NA	NA	NA	NA	NA	NA	NA	2.380211242
Faeroe Islands	FRO	3.58295718	3.58295718	3.23637	2.52013	4.48323	4.47303	4.7	42.064	NA	NA	NA	1.73239376	1.924279286	NA	1.565138796	2.181817872	2.256065575	1.920890493	1.769026351	NA	NA	NA	NA	NA	NA	3.144885418
Antigua and Barbuda	ATG	2.408731661	2.425698843	25.2008	25.3118	25.2281	26.0543	13.1	24.599	NA	NA	NA	1.73239376	1.924279286	6.425587509	2.344061648	2.002487019	1.998023814	2.287739044	2.079965886	0.556302501	0.342422681	0.84509804	0.477121255	70.1190827	9.799825511	2.643452676
Greenland	GRL	2.289493076	2.3617014	-21.069	-24.015	-24.596	-20.287	2.1	86.816	NA	NA	NA	1.73239376	1.924279286	NA	0.329702191	1.748539973	1.596909236	1.775399985	1.613661092	NA	NA	NA	NA	NA	NA	5.61326026
Chad	TCD	1.313930463	1.719182076	20.7018	24.0887	29.4069	31.4897	6	23.059	21.13199997	76.7440033	2.125	1.73239376	1.924279286	NA	1.155084914	0.350873804	0.511040681	0.515703005	1.110815215	2.478999132	1.88592634	2.801540907	2.256717746	51.39318108	3.480518945	6.100094715
Fiji	FJI	1.323850004	1.323850004	26.3964	27.5841	26.6483	25.5076	14.7	56.248	49.68700027	36.93099976	13.38199997	1.73239376	1.924279286	5.985875982	1.702060137	2.431596934	2.650354156	2.626730339	2.97774052	1.247973266	0.716003343	1.818225894	1.201397124	66.03769742	6.44968042	4.261738547
Haiti	HTI	1.229451454	2.508067572	23.4669	24.0442	24.8594	25.3103	6.7	55.278	64.27999878	28.9489994	6.771999836	1.73239376	1.924279286	4.614995986	2.608096393	1.614139702	2.059021632	2.302594975	2.457895516	2.301464073	1.383815366	2.893317812	2.190051418	62.80835196	5.949403848	4.440279213
Mauritius	MUS	2.418390793	2.424858778	26.5749	26.8001	26.5966	25.5451	22	40.793	68.19300079	6.260000229	25.54599953	1.73239376	1.924279286	6.044252108	2.796089798	2.256482019	2.637338601	2.15409516	2.381376842	1.471291711	1.049218023	1.918030337	1.447158031	71.73213464	12.47417306	3.307496038
Suriname	SUR	1.256380953	2.370209514	25.573	25.3688	26.2009	26.1518	12.5	66.06	68.94799805	7.583000183	23.46899986	1.73239376	1.924279286	NA	0.755283966	1.966034202	2.350530993	2.147128861	2.573120032	1.113943352	0.462397998	1.541579244	0.819543936	66.92336673	7.9063699	5.193124598
Guernsey	GGY	3.575104328	3.575104328	NA	NA	NA	NA	NA	NA	NA	NA	NA	1.73239376	1.924279286	NA	NA	NA	NA	NA	NA	NA	NA	NA	NA	NA	NA	1.892094603
Jersey	JEY	3.463861498	3.49104945	NA	NA	NA	NA	NA	NA	NA	NA	NA	1.73239376	1.924279286	NA	NA	NA	NA	NA	NA	NA	NA	NA	NA	NA	NA	2.077367905
Zambia	ZMB	1.191003634	1.821343183	24.6264	25.1474	24.5509	21.0901	4.5	43.521	39.85699844	49.26100159	10.88099957	1.740362689	1.929418926	4.810319113	1.403831956	2.293450952	2.207176407	2.117330965	1.462059416	2.023252459	1.269512944	2.584670384	2.037426498	53.96418084	3.099678029	5.871216715
Nicaragua	NIC	0.533390708	2.297974871	24.6104	24.4534	26.3668	26.7124	11.4	58.522	52.93000031	30.3029995	16.7670002	1.740362689	1.929418926	5.31012201	1.746066041	1.695301267	1.882840326	1.477561117	1.443810401	1.804820679	1.100370545	2.243286146	1.59439255	65.55082139	6.247497442	5.080410007
Djibouti	DJI	3.08838206	3.641929385	24.5048	25.7741	29.3316	28.7531	5.1	77.777	53.22000122	33.91400146	12.86600018	1.740362689	1.929418926	NA	1.63717361	0.882056409	0.77501229	1.090614233	1.934263061	1.120573932	0.531478917	1.63447727	0.995635195	66.89830466	5.527579379	4.365113432
Kyrgyzstan	KGZ	2.195146592	2.507594137	-8.8414	-7.4972	0.39397	5.82481	6.1	36.351	54.43500137	21.96699905	23.59799957	1.740362689	1.929418926	4.842251167	1.543187306	1.515300143	1.098481051	1.588411779	1.852101041	2.219584526	1.222716471	2.624282095	1.679427897	64.15485489	5.494727977	5.282848603
El Salvador	SLV	2.172305127	2.692817848	24.2017	23.573	25.9571	26.7283	8.8	72.023	61.08800125	16.70800018	22.20400047	1.740362689	1.929418926	5.422199983	2.493989569	1.077422052	1.117271295	1.283710449	1.511225408	1.966141733	1.209515015	2.353723938	1.664641976	65.58082912	9.287089994	4.316389751
French Polynesia	PYF	2.331621623	2.331621623	NA	NA	NA	NA	19.5	61.834	78.15599823	7.081999779	14.76299953	1.740362689	1.929418926	5.88757701	1.891362251	NA	NA	NA	NA	NA	NA	NA	NA	69.94759777	9.290508115	3.563481085
Guam	GUM	2.952133481	3.028350796	NA	NA	NA	NA	18.7	94.78	85.28700256	0.244000003	14.46899986	1.740362689	1.929418926	6.978138658	2.489927245	NA	NA	NA	NA	NA	NA	NA	NA	66.68638095	10.84991073	2.73239376
Gambia	GMB	0.96736074	1.099887727	26.6752	26.9471	28.8104	30.3231	1.9	61.27	56.66699982	27.75300026	15.57999992	1.748188027	1.934498451	5.432630326	2.356611897	NA	NA	NA	NA	1.311753861	0.681241238	1.845718018	1.250420003	54.14127401	3.589980941	4.005180513
Montenegro	MNE	2.713383846	2.713383846	0.29943	4.92154	5.05899	10.6071	9	66.813	73.08300018	8.019000053	18.89800072	1.748188027	1.934498451	6.523100784	1.683686329	2.077084341	2.070521789	2.187300697	1.857263125	1.631443769	0.633468456	1.835690572	0.826074803	67.81554417	15.97493663	4.128722284
Barbados	BRB	2.467319467	2.506699812	26.3317	26.0658	26.2658	27.2317	13.4	31.147	78.06199646	2.693000078	19.24399948	1.748188027	1.934498451	6.377669445	2.825170904	2.157647127	1.795770214	2.166418272	1.55129504	1.079181246	0.51851394	1.303196057	0.69019608	67.85435788	16.80269395	2.633468456
Bahamas	BHS	2.370973601	2.419825275	21.4746	21.7849	24.5219	25.0497	8.8	83.025	83.31600189	2.197999954	14.48700047	1.748188027	1.934498451	6.620551075	1.607728109	NA	NA	NA	NA	0.919078092	0.380211242	1.276461804	0.643452676	71.25752191	8.257602363	4.000434077
Somalia	SOM	1.828131205	2.184734007	26.5705	27.3286	29.8682	29.1108	5.1	44.971	13.17599964	83.20400238	3.619999886	1.755874856	1.939519253	NA	1.41369325	0.69877279	0.694605199	1.022546312	1.88098956	2.057666104	1.227886704	2.713070326	2.080626487	51.55010497	3.873310945	5.79750298
Tanzania	TZA	0.978682565	0.978682565	24.369	24.4467	24.5842	23.1199	5.7	33.776	27.54500008	65.75299835	6.702000141	1.755874856	1.939519253	4.39440944	1.816765312	NA	NA	NA	NA	2.648555155	1.808885867	3.160528554	2.62065648	54.30046267	3.601299179	5.947335676
Benin	BEN	1.436369405	1.417604535	27.3096	29.5965	31.2871	31.2319	1	47.312	41.86399841	39.24700165	18.88899994	1.755874856	1.939519253	4.43351811	2.016422893	0.337902315	0.488162781	1.708499933	1.701533447	2.023252459	1.290034611	2.617734035	2.026533265	55.29871226	4.253605296	5.052155067
Liberia	LBR	1.605800484	1.884942557	25.7082	27.0659	27.7331	27.6391	2.4	51.151	46.16899872	43.43000031	10.40100002	1.755874856	1.939519253	NA	1.7162614	1.469080875	1.522363366	1.962401066	1.948863166	1.655138434	0.838849091	2.127428778	1.444044796	56.62158157	4.253431803	4.983716474
Central African Republic	CAF	1.580491605	2.593185237	24.6306	26.9932	28.0934	27.9595	6	41.364	17.02799988	77.56700134	5.40500021	1.763427994	1.944482672	NA	0.977285076	0.871745685	1.028629399	1.8055661	2.135126288	2.065579714	1.30535137	2.787531316	2.186673867	53.87990571	3.825773706	5.794474104
Congo	COG	1.724365997	2.123623005	25.6925	26.4859	26.5102	26.355	6	66.916	43.47800064	34.60300064	21.91900063	1.763427994	1.944482672	4.483378129	1.239470817	1.896217472	2.16588209	2.322163453	2.377470173	1.831229693	1.292256071	2.203576775	1.647382971	56.55477801	3.681719536	5.533390708
Uzbekistan	UZB	1.864783913	2.136263842	2.41011	4.31231	10.2394	15.0633	6.5	50.478	46.39500046	24.59499931	29.01000023	1.763427994	1.944482672	5.224946719	1.900198871	1.464814327	1.012904682	1.705534447	1.560647763	2.941113727	1.532754379	3.357153176	2.243534102	67.89480464	5.41913788	5.628797486
Mongolia	MNG	1.14025657	1.779430533	-23.409	-16.498	-5.0038	4.5367	4.7	68.445	52.83100128	27.99500084	19.17399979	1.763427994	1.944482672	5.242389317	0.606446791	0.658421635	0.607229775	1.007628309	1.177715375	1.764922985	0.716003343	2.320976678	1.250420003	66.50689294	5.083538792	6.191328031
Kosovo	OWID_KOS	2.654301709	2.815886426	NA	NA	NA	NA	NA	NA	NA	NA	NA	1.763427994	1.944482672	NA	NA	NA	NA	NA	NA	NA	NA	NA	NA	NA	NA	4.036908223
Seychelles	SYC	2.052528502	2.052528502	28.0633	28.505	29.2683	29.2783	12.3	56.691	NA	NA	NA	1.770852012	1.949390007	6.582460809	2.327056711	2.530737429	2.376031009	2.38918381	2.263870312	0.612783857	0.380211242	0.934498451	0.505149978	69.77008322	8.594545597	2.662757832
Rwanda	RWA	1.360347231	1.565221889	21.2427	20.7551	20.7492	20.0019	5.1	17.211	28.06299973	63.24599838	8.690999985	1.770852012	1.949390007	NA	2.699542783	2.325435611	1.953699785	2.245218926	2.212677574	1.883661435	1.212187605	2.420120848	1.992111488	58.08623092	3.938196075	4.392169149
Guinea	GIN	2.215922946	2.512186593	25.3872	26.6809	28.8811	29.8407	2.4	36.14	31.62700081	62.27199936	6.100999832	1.770852012	1.949390007	NA	1.720343011	1.054454091	0.5988977	1.10020162	1.884123301	2.138302698	1.392696953	2.722222464	2.118595365	54.22380417	3.926022444	5.390440507
Mauritania	MRT	0.434728542	2.399519701	22.6999	23.1955	25.5577	30.0845	7.1	53.672	35.22800064	52.05599976	12.71500015	1.770852012	1.949390007	NA	0.797417377	0.37010951	0.349211455	0.318278341	0.341204951	1.66931688	0.892094603	2.162265614	1.511883361	57.77570505	4.141112157	6.013132276
Equatorial Guinea	GNQ	2.49679685	2.969356263	26.0557	26.8339	26.2403	26.0719	6	72.143	38.11999893	42.08599854	19.79400063	1.770852012	1.949390007	NA	1.687223329	1.88037622	1.844096768	2.401267819	2.395801497	1.130333768	0.568201724	1.672097858	1.093421685	61.42552372	3.457877351	4.447932866
Bangladesh	BGD	1.954232858	2.639698604	17.0993	21.8939	25.6368	28.014	9.2	36.632	39.72700119	39.45700073	20.81599998	1.770852012	1.949390007	NA	3.093974468	0.959174523	1.214186613	1.694530616	2.037864555	3.34715431	2.947286644	3.838080528	3.364944778	68.13558688	6.158390645	5.114510905
Guatemala	GTM	1.776119799	2.643511894	22.6342	22.0936	24.7485	26.2265	10	51.054	49.54999924	31.72699928	18.72400093	1.770852012	1.949390007	5.031018988	2.212064437	1.812322314	1.684081085	1.994723536	1.841835431	2.102090526	1.456366033	2.524655713	2.004321374	61.75253209	5.812072513	5.030032705
Guyana	GUY	2.124572689	2.299577024	25.9777	25.5531	26.5188	26.4325	11.6	26.606	59.72800064	17.48699951	22.78499985	1.770852012	1.949390007	5.569534323	0.775052988	2.087919774	2.075061302	1.556542503	2.421357098	1.227886704	0.531478917	1.800717079	1.004321373	66.33518352	7.450271235	5.294135419
Namibia	NAM	0.863144346	1.120573931	26.8607	26.2618	23.513	20.7363	4.5	50.032	61.18899918	22.5909996	16.22100067	1.770852012	1.949390007	NA	0.696683566	1.51708236	1.828212485	1.789165255	1.377630393	1.501059262	0.973127854	1.919078092	1.487138375	60.45371914	4.63603168	5.91555284
Swaziland	SWZ	2.173928889	2.506209991	24.7847	25.4236	24.3737	21.8849	4.5	23.799	63.2859993	12.68099976	24.03300095	1.770852012	1.949390007	5.765100028	1.832876734	1.840232223	1.816475954	1.877412239	1.228251462	1.206825876	0.770852012	1.668385917	1.292256071	58.87292046	5.014587942	4.235528447
Kazakhstan	KAZ	2.437747393	2.851463825	-9.5723	-4.8249	1.9765	11.2294	6.1	57.428	63.3030014	16.26399994	20.43400002	1.770852012	1.949390007	5.693592787	0.942990972	1.421101895	1.146816157	1.466645228	1.532463903	2.820989177	1.799340549	3.222716471	2.294686625	65.14760402	8.391846262	6.431315507
Saint Lucia	LCA	1.995740465	2.018987438	25.6444	25.4333	25.7	26.7	11.6	18.678	64.25	17.52799988	18.22200012	1.770852012	1.949390007	6.346139353	2.477379856	2.112715571	1.969001458	2.314499228	1.894007959	0.763427993	0.397940009	1.071882007	0.633468456	72.66458658	10.80653036	2.785329835
Cuba	CUB	2.195667229	2.291533123	23.051	23.1499	25.4636	25.8263	9.6	77.037	65.30599976	17.74900055	16.94499969	1.770852012	1.949390007	5.610828147	2.045321399	1.881377238	1.679057953	1.646788832	1.917628376	2.539953842	1.790285164	2.842858762	2.172310968	69.60254952	16.18621143	5.017116849
Uruguay	URY	2.310752772	2.38835346	24.8338	25.2027	20.6308	18.6929	7.3	95.334	72.44200134	8.359000206	19.1989994	1.770852012	1.949390007	6.003140831	1.336620366	1.739653817	2.163894522	2.064210821	2.409943262	1.993876915	1.475671189	2.239049093	1.770115295	65.57749938	15.81451953	5.24308768
Venezuela	VEN	1.191981681	1.971085571	26.8477	26.7253	27.144	27.3357	7	88.208	74.38600159	7.948999882	17.66500092	1.770852012	1.949390007	NA	1.540714686	1.16416839	1.446596187	1.675179629	2.247970812	2.655234507	1.869818208	3.101128176	2.375114684	66.06636281	8.266986625	5.945493204
Vatican	VAT	4.171261993	4.171261993	NA	NA	NA	NA	NA	NA	NA	NA	NA	1.770852012	1.949390007	NA	NA	NA	NA	NA	NA	NA	NA	NA	NA	NA	NA	-0.356547324
Andorra	AND	3.990008568	4.042496167	6.19359	6.35802	7.2024	9.92072	7.7	88.062	NA	NA	NA	1.77815125	1.954242509	7.59508101	2.219695976	1.730044641	2.056012489	1.824800517	1.791694157	NA	NA	NA	NA	NA	NA	2.672097858
Ethiopia	ETH	0.488409689	1.32876683	22.3607	23.9324	26.4227	25.2007	4.3	20.763	23.27499962	66.70600128	10.01799965	1.77815125	1.954242509	3.91864709	2.046200692	1.203639278	1.070282481	1.430532985	2.207038925	2.986816505	2.15136985	3.478840549	2.859198362	56.7158851	4.501133003	6
Bhutan	BTN	1.102570902	1.889094312	3.35166	7.13829	10.1431	12.9554	10.3	40.895	33.50099945	55.98799896	10.51000023	1.77815125	1.954242509	5.535877889	1.338008576	1.091230686	0.666904369	1.578738892	2.065250976	1.012837225	0.748188027	1.639486489	1.230448922	69.22563449	7.003011717	4.581118712
Kenya	KEN	1.130237248	1.75271667	27.0367	27.5964	27.7507	26.9416	3.1	27.03	37.71900177	55.08499908	7.196000099	1.77815125	1.954242509	NA	1.965198957	1.768823765	1.305781151	1.511702925	2.227127954	2.280122896	1.544068044	2.799616205	2.347720217	58.87864651	3.339186608	5.75521911
Sudan	SDN	1.506288508	2.156400727	20.5369	23.6229	29.0607	30.8356	22.1	34.642	43.1570015	40.10699844	16.73699951	1.77815125	1.954242509	4.324764419	NA	0.417069598	0.397230661	0.422834328	0.666484284	2.732071941	1.836324116	3.411131271	2.625621081	56.91004762	4.581160527	6.375846436
Cote d'Ivoire	CIV	1.815889744	2.183127429	26.5404	28.8994	29.559	29.3571	2.4	50.779	46.22100067	40.91899872	12.85999966	1.77815125	1.954242509	4.918694436	1.907594358	1.292517456	1.407256601	1.968325546	2.008137103	2.289588953	1.647382971	2.787531316	2.2116544	56.20408488	3.858943012	5.50242712
Ghana	GHA	2.140486045	2.51758118	27.761	30.1089	30.5539	30.4132	2.5	56.06	48.46500015	30.43300056	21.10199928	1.77815125	1.954242509	NA	2.123268149	0.680235768	1.031064124	2.001066619	1.962022045	2.551327988	1.635483747	3.062769949	2.307496037	60.33504042	4.068898009	5.357057754
Togo	TGO	1.342777867	1.788988088	27.7838	29.8521	30.483	30.0601	2.4	41.702	48.85400009	38.2840004	12.86200047	1.77815125	1.954242509	4.876983412	2.167455499	0.355671772	0.684090074	1.927538196	1.924138118	1.918030337	1.152288344	2.50758604	1.872738827	56.79600843	3.869468014	4.735519059
Honduras	HND	2.301244918	2.845828901	22.647	22.3781	24.8559	25.7447	7.3	57.096	49.11999893	30.67300034	20.20800018	1.77815125	1.954242509	NA	1.94293537	1.601653736	1.899878477	1.535762348	1.642693973	1.919078092	1.252853031	2.407560849	1.818885415	64.56850084	5.690617656	5.048791274
Turkey	TUR	3.216176991	3.310000224	0.04803	5.45346	7.19877	13.128	11.1	75.143	54.90499878	18.43099976	26.66399956	1.77815125	1.954242509	5.760127688	2.037267608	2.044065227	1.729385122	1.835721003	1.608522825	3.203739809	2.564902673	3.55351894	2.954965731	67.86737692	9.483212929	5.886281988
Gabon	GAB	2.474188573	3.170544795	26.7424	27.1061	26.9724	26.7435	6	89.37	55.92399979	33.34400177	10.73099995	1.77815125	1.954242509	NA	1.009653302	2.002209273	2.136187675	2.408394316	2.468141952	1.444044796	0.74036269	1.775974331	1.217483944	60.41022287	4.563907472	5.411063857
Ukraine	UKR	2.543184909	2.804783238	-4.8029	2.49111	4.43423	11.9748	6.1	69.352	60.68799973	14.87300014	24.44000053	1.77815125	1.954242509	5.496086366	1.897790153	1.830913786	1.644729006	1.612346164	1.686599629	3.625096279	2.172602931	3.876032995	2.614686342	68.7529004	17.43468644	5.762896032
Democratic Republic of Congo	COD	1.094575934	1.686126613	25.2972	25.6821	25.7623	25.0589	6	44.46	24.50200081	65.79599762	9.701999664	1.785329835	1.959041392	NA	1.591983363	2.126413915	2.107121744	2.233034205	2.253916841	2.814713613	2.072984745	3.350228629	2.858897958	51.81651733	4.017840619	6.355461099
Burkina Faso	BFA	1.567344026	1.63973544	25.5632	27.9568	31.9136	33.8337	7.3	29.358	40.66699982	25.90299988	33.43000031	1.785329835	1.959041392	3.887825959	1.87035288	0.396539324	0.398835469	1.079069763	1.586131394	2.213252052	1.278753601	2.795671506	2.130655349	53.64493779	3.40698083	5.437116093
Cameroon	CMR	1.991903578	2.515899	24.4585	26.562	27.5832	27.5052	6	56.374	41.09000015	44.06700134	14.84200001	1.785329835	1.959041392	NA	1.743070458	0.784262723	1.146239697	1.983201256	2.175671238	2.837840862	2.333447275	3.09338666	2.635383204	55.63954284	3.728877352	5.67459479
Bolivia	BOL	2.342355557	3.098822252	23.515	23.377	22.4453	21.8261	6.8	69.425	49.45399857	31.06399918	19.4810009	1.785329835	1.959041392	5.020727179	1.096219661	2.218065246	2.251061211	1.927969542	1.779561862	2.123851641	1.522444233	2.660675788	2.038222639	62.73450492	8.191947399	6.034748743
Bosnia and Herzegovina	BIH	2.804845864	2.920225624	0.76063	5.50501	6.10436	11.4734	9	48.245	52.14099884	15.72500038	32.13399887	1.785329835	1.959041392	5.476280465	1.825559102	1.968759781	2.121678003	1.974116365	1.792088979	2.35945602	1.29666519	2.588159617	1.583198774	69.76346485	17.47031747	4.709269961
Jamaica	JAM	2.231795699	2.312414334	24.3646	24.335	25.4236	25.7458	11.3	55.674	67.6760025	16.22900009	16.09499931	1.785329835	1.959041392	5.933627878	2.43615163	1.790297833	2.292276013	1.800570686	2.001638538	1.781036939	0.949390006	2.059184617	1.411619706	68.45326084	9.796642545	4.034628457
Trinidad and Tobago	TTO	1.923694663	1.92738063	26.4305	26.1181	26.6402	27.502	11	53.184	69.97000122	3.061000109	26.96899986	1.785329835	1.959041392	5.438913127	2.436047274	1.509211934	1.378795671	1.827770423	2.013566058	1.564666064	0.755874856	1.969881644	1.214843848	69.84547384	11.73495353	3.710117365
Jordan	JOR	1.731790154	1.923337294	8.67852	12.9655	15.6173	20.8414	12.7	90.979	72.16600037	3.134000063	24.70000076	1.785329835	1.959041392	5.642350775	2.057447374	1.173259131	1.134763423	1.354602024	0.984417938	2.089905112	1.113943352	2.528273778	1.745855195	62.90801939	4.846490402	4.948315141
Monaco	MCO	3.388675498	3.402034114	4.43666	4.91166	5.445	9.185	2.9	100	NA	NA	NA	1.792391689	1.963787827	6.954870044	NA	1.821043607	2.058581644	1.788674518	1.769992141	NA	NA	NA	NA	NA	NA	0.301029996
Paraguay	PRY	2.00417085	2.223809932	28.7106	28.4127	24.8462	24.9129	9.6	61.585	61.33800125	20.07699966	18.58499908	1.792391689	1.963787827	5.244540496	1.290220737	2.234638748	2.272632834	2.061829307	1.895227456	1.950851459	1.113943352	2.415307292	1.695481676	65.12927938	7.430215006	5.599118565
Cyprus	CYP	3.011245553	3.045603419	10.5137	14.7315	15.3655	19.9464	9	66.81	81.1740036	2.165999889	16.6609993	1.792391689	1.963787827	6.527153591	2.116303277	1.936772533	1.588297483	1.556347134	0.991336408	1.495544338	1.008600171	1.718501689	1.170261715	70.49309034	14.71906177	3.965671971
Liechtenstein	LIE	3.337931038	3.337931038	-3.2627	-1.9186	-1.7176	2.5712	9.4	14.338	NA	NA	NA	1.799340549	1.968482949	6.354993283	2.378284315	2.344103303	2.260615109	1.998468587	2.200981752	NA	NA	NA	NA	NA	NA	2.204119983
Colombia	COL	2.339294391	2.918008307	26.3748	26.5149	25.9224	25.949	7.4	80.778	63.30099869	16.70899963	19.99099922	1.799340549	1.968482949	4.904401956	1.669769558	1.929358121	1.878331606	2.264473083	2.470004529	0.973127854	0.477121255	1.499687082	0.939519252	69.44405702	9.478047023	6.045127307
Dominican Republic	DOM	2.979923782	3.274834175	22.713	23.2491	24.0113	24.6884	8.6	81.074	70.95300293	9.312999725	19.73399925	1.799340549	1.968482949	5.790199688	2.34631106	1.794882427	2.149767025	2.172232105	2.435223046	2.279438788	1.257678574	2.756636109	1.893761762	65.94005302	8.08281748	4.684037037
Brunei	BRN	2.509603018	2.509603018	26.3743	26.3284	26.6739	27.143	13.3	77.629	82.66300201	1.371000051	15.9659996	1.799340549	1.968482949	5.817504439	1.921150241	2.151093922	2.038286267	2.038242523	2.317848222	0.74036269	0.477121255	1.198657087	0.763427993	73.10039101	5.873147568	3.721810615
Morocco	MAR	2.218173004	2.360934052	11.9349	12.148	12.9218	16.9673	7	62.453	43.04299927	35.25400162	21.70299911	1.806179974	1.973127854	5.542028804	1.91765525	1.120271135	1.547956751	1.412468947	1.095218185	2.886829005	1.916453949	3.144947634	2.35755372	66.78071506	8.012904819	5.649626887
Moldova	MDA	3.087206236	3.395527153	-3.0894	4.29658	6.06929	13.0037	5.7	42.629	47.38899994	36.09899902	16.51300049	1.806179974	1.973127854	4.65365926	2.098712251	1.708179464	1.439749416	1.5461983	1.6740386	2.439490591	1.096910013	2.723783937	1.5132176	73.67035286	12.46955635	4.516799704
Nigeria	NGA	1.349083169	1.821611774	25.2237	27.7917	31.262	31.2745	3.1	50.344	52.20700073	35.57300186	12.22000027	1.806179974	1.973127854	NA	2.336589781	0.524597318	0.670790236	1.73367625	1.825303408	3.239624765	2.372727941	3.842284646	3.204906429	54.38598305	3.747377009	5.959408717
Armenia	ARM	3.04884367	3.664255451	-6.037	-1.4276	2.40931	9.06941	6.1	63.149	52.67900085	30.43600082	16.88500023	1.806179974	1.973127854	5.751912377	2.023993729	1.661266399	1.434302178	1.567119335	1.655112491	2.112269769	1.18469143	2.361160996	1.459392488	69.11276036	12.25381767	4.454387467
Senegal	SEN	2.013119635	2.432504299	26.7347	27.0431	29.2176	31.5744	2.4	47.192	55.89199829	30.70499992	13.40200043	1.806179974	1.973127854	NA	1.926072104	0.301123359	0.461367949	0.301043046	0.437596789	2.187802639	1.431363764	2.638589083	2.043362278	54.85774596	4.086823698	5.284498411
Serbia	SRB	3.172412594	3.245357182	-0.0829	6.22884	6.77331	13.037	9	56.092	57.16999817	15.92599964	26.90399933	1.806179974	1.973127854	5.384606522	1.912921787	1.877506682	1.84970987	1.931650057	1.711555856	2.798995734	1.800029359	3.005609446	2.127104798	66.9645266	19.34579271	4.941809473
Bulgaria	BGR	2.4530078	2.619902702	-0.3718	6.65296	7.32957	13.2789	6	75.008	63.30899811	6.578000069	30.11300087	1.806179974	1.973127854	6.114263734	1.824148865	1.999704579	1.712857541	1.843785108	1.803322573	2.849910558	1.712649702	3.097812407	2.051923916	65.38262022	22.02191444	5.035669835
Panama	PAN	3.292018252	3.601512109	26.1576	26.174	27.0841	27.0483	7.7	67.709	67.02899933	14.20699978	18.76399994	1.806179974	1.973127854	5.645890632	1.764819081	1.589284812	1.805937651	1.589822308	1.834298601	1.717670503	1.164352855	2.090258053	1.606381365	65.83296464	9.104731083	4.871222557
Maldives	MDV	3.189138131	3.555540611	28.8	29.9	29.8	30.2	9.2	39.808	72.78199768	8.732000351	18.48600006	1.806179974	1.973127854	6.550785118	3.235777505	2.298853076	2.149219113	2.161368002	2.238046103	0.86923172	0.556302501	1.086359831	0.770852012	77.14873884	4.703344607	2.477121255
Malta	MLT	3.050899207	3.157422616	13.6971	15.1645	14.7506	18.7268	8.3	94.612	80.34799957	1.031000018	18.62100029	1.806179974	1.973127854	6.774376764	3.179847898	1.562227418	1.098986181	1.541208438	0.860273307	1.227886704	0.643452676	1.414973348	0.832508913	66.37377519	21.34932429	2.505149978
Albania	ALB	2.480896192	2.655509156	3.33526	7.55748	7.56366	13.0139	9	60.319	42.93600082	37.31399918	19.75099945	1.812913357	1.977723605	6.268737288	2.027807162	2.068579147	1.910036055	2.201555517	1.789053034	2.216429831	1.11058971	2.457276186	1.374748346	69.58239037	14.7447359	4.437750563
Indonesia	IDN	1.718509993	2.086096326	26.9007	26.6521	27.1355	27.4218	6.3	55.325	48.07699966	29.63400078	22.28899956	1.812913357	1.977723605	4.782106487	2.175373183	2.390583646	2.489131267	2.475723475	2.422074157	3.702016725	3.029870564	4.254405464	3.585945515	68.59163703	6.857165619	6.25805512
Tunisia	TUN	1.94605906	1.968361516	12.0594	13.9411	15.2978	20.4075	8.5	68.945	53.93899918	13.33500004	32.72499847	1.812913357	1.977723605	5.861997805	1.883328197	1.258488821	1.143595554	1.432422473	1.361822238	2.496514518	1.57054294	2.830973397	2.011147361	68.51420062	9.315679082	5.191339213
Peru	PER	3.310129744	3.7909948	21.8044	21.3059	21.1203	20.5959	6.6	77.907	57.09999847	27.43099976	15.46800041	1.819543936	1.982271233	5.143257519	1.43122873	1.897327929	2.48995848	2.269837377	2.186916801	2.495821754	1.984077034	2.957607287	2.471731651	67.1210043	9.088392801	6.10720997
Mexico	MEX	2.435573644	2.984561516	15.1196	17.9131	19.9754	22.3308	13.5	80.156	61.06299973	12.81000042	26.12800026	1.819543936	1.982271233	5.510440229	1.825521058	1.401255752	0.872859901	1.408209428	1.305577058	3.159236234	2.58172216	3.549224034	2.978910577	67.21946677	8.223684986	6.28868509
Slovakia	SVK	2.427919214	2.449356502	-3.1293	3.77405	4.52999	9.49414	6.5	53.726	61.19100189	2.292999983	36.51599884	1.819543936	1.982271233	5.618644091	2.061793817	1.715907287	2.06879419	1.531970413	1.673478013	2.339053735	1.23299611	2.616265405	1.639486489	69.92461679	16.6292465	4.682018652
Palestine	PSE	2.034327594	2.115850056	NA	NA	NA	NA	9.5	76.164	62.36500168	6.321000099	31.31399918	1.819543936	1.982271233	5.124315664	2.88137584	NA	NA	NA	NA	NA	NA	NA	NA	58.91933304	4.133305738	3.779596491
Lithuania	LTU	2.735831951	2.803041742	-6.5204	1.11169	2.08805	7.57943	3.8	67.679	67.05000305	7.183000088	25.7670002	1.819543936	1.982271233	5.992789401	1.667745665	1.66541681	1.79644805	1.61646291	1.74254525	2.382737265	1.041392685	2.60238559	1.374748346	66.41254237	20.70503314	4.796921075
Costa Rica	CRI	2.194442185	2.432839464	25.171	24.8788	26.592	26.0797	9.1	79.34	67.92700195	12.39799976	19.67399979	1.819543936	1.982271233	5.793183461	1.999622273	1.83928191	2.188095639	1.783444756	1.821622907	2.417305583	1.606381365	3.16557074	2.484869033	70.12540815	10.54984767	4.70808081
South Africa	ZAF	2.230096233	2.951569663	24.8558	24.4227	22.2528	19.2176	12.7	66.355	71.68599701	5.166999817	23.14699936	1.819543936	1.982271233	5.272551309	1.695745323	1.859616778	1.562459411	1.780857144	1.407261702	2.912062555	2.378942698	3.395221521	2.923140356	66.6025058	6.318005011	6.083893023
New Zealand	NZL	2.378137973	2.380768229	15.3962	17.1547	14.5322	11.114	6.2	86.538	74.42299652	5.788000107	19.78899956	1.819543936	1.982271233	5.895133118	1.312900064	2.170003409	2.008136251	2.047306026	2.044182928	2.009450896	1.459392488	2.234517284	1.804820679	65.69414398	16.65242453	5.420467353
Luxembourg	LUX	3.793015085	3.81053541	3.19032	3.90896	4.67132	8.18252	5	90.981	87.19400024	1.05400002	11.75199986	1.819543936	1.982271233	6.242100013	2.401562211	2.080294508	2.050576943	1.888989458	1.936216069	1.190331698	0.716003343	1.382017043	0.949390006	70.93802189	15.18315417	3.413299764
Azerbaijan	AZE	2.39696958	2.907871748	1.06697	4.0662	6.51832	12.6596	6.1	55.68	49.02000046	36.25999832	14.72000027	1.826074803	1.986771734	5.430901598	2.087303289	1.500431342	1.403599183	1.650722188	1.548297267	2.490099005	1.338456494	2.862608364	1.839478047	71.43524738	7.195182749	4.917311163
Macedonia	MKD	2.897155158	3.192323477	0.17966	5.86858	6.3927	12.2693	9.3	57.963	52.91899872	15.72200012	31.36000061	1.826074803	1.986771734	5.531106029	1.927326802	1.9121253	1.659242855	2.026855903	1.608962248	2.132579848	1.093421685	2.375114684	1.403120522	70.81281906	14.67018137	4.401745082
Belarus	BLR	3.385995713	3.725946734	-7.3382	0.91179	2.19525	9.15009	5	78.595	58.05699921	11.31299973	30.62899971	1.826074803	1.986771734	6.082709635	1.687785716	1.708772613	1.747824153	1.662123866	1.71933626	2.861414919	1.424881636	3.152899596	1.886490725	69.28890882	15.84514818	5.307303451
Latvia	LVA	2.697949082	2.762191491	-7.4837	0.30629	1.20721	6.71119	5	68.142	69.36699677	6.972000122	23.6609993	1.826074803	1.986771734	5.996793265	1.518294191	1.690575258	1.755227503	1.560492467	1.783840717	2.224014812	0.86923172	2.460145817	1.225309282	64.96060276	21.0436203	4.793650718
Argentina	ARG	2.109915863	2.739234428	21.7341	21.2815	17.8405	13.4233	5.9	91.87	77.9940033	0.094999999	21.9109993	1.826074803	1.986771734	5.199543262	1.261465336	1.932856141	1.990882936	1.659986518	1.886257723	2.960090068	2.538950562	3.26342301	2.866700756	65.12127726	12.11778889	6.437225605
Afghanistan	AFG	2.057209513	2.742131006	3.56651	4.34688	8.86882	14.4279	9.2	25.495	38.53699875	43.38399887	18.07999992	1.832508913	1.991226076	NA	1.770393626	1.718803016	1.21191042	1.981087526	1.732171731	2.551083865	1.722633923	3.196645887	2.501059263	55.3248975	3.584926938	5.814820061
Ecuador	ECU	3.224375062	3.396233182	23.2397	22.9935	22.9147	22.6801	5.5	63.821	52.64899826	28.82500076	18.52599907	1.832508913	1.991226076	5.189532666	1.849963825	2.241013246	2.246951351	2.554329223	2.508434096	2.242541428	1.641474111	2.664265801	2.067814511	65.81411822	8.157289733	5.395081651
Poland	POL	2.627010286	2.862848447	-2.7373	3.56709	4.3839	8.71519	6.1	60.058	58.56499863	9.618000031	31.81699944	1.832508913	1.991226076	5.713555048	2.10049422	1.556192707	1.781003862	1.602671915	1.643869991	3.24868424	2.288249226	3.531874711	2.640680153	68.42990641	18.51781675	5.485991003
Slovenia	SVN	2.847130737	2.854785627	0.17044	4.16018	5.13284	10.2188	5.9	54.541	61.16999817	5.480999947	33.34899902	1.832508913	1.991226076	6.331025909	2.019697148	2.046069636	2.293183496	1.91210669	1.951597823	1.949877704	1.049218023	2.123524981	1.264817823	66.37134537	20.60687966	4.304059466
Hungary	HUN	2.5326856	2.619951675	-0.9111	5.94804	7.06291	12.6097	6.9	71.351	62.72800064	4.84800005	32.42300034	1.832508913	1.991226076	6.252305664	2.041023795	1.733949604	1.958494123	1.567116982	1.483714215	2.805500858	1.824125834	3.053654559	2.218010043	67.43028247	20.15772537	4.95679252
Saudi Arabia	SAU	3.050233549	3.494100861	16.1472	18.8529	22.7011	25.963	15.8	83.844	72.69000244	2.519999981	24.79000092	1.832508913	1.991226076	5.676780892	1.247400069	0.698723255	0.760205282	1.104142133	1.377774177	2.546419267	1.495544338	3.056561851	2.195068997	72.64306384	4.314088023	6.332375836
Qatar	QAT	3.893071668	4.397067138	18.0181	19.7468	23.7834	27.6987	15.6	99.135	44.32699966	1.22300005	54.45000076	1.838849091	1.995635195	5.850005001	2.383084698	0.480412287	0.668167783	1.054610374	0.669516777	0.86332286	0.397940009	1.602059991	0.973127854	86.08916549	2.370070338	4.06483222
Chile	CHL	3.179272225	3.873259901	13.6241	13.1436	11.9954	7.82234	8.6	87.564	68.45500183	9.215999603	22.32900047	1.838849091	1.995635195	5.504535536	1.43440036	1.125178618	1.621787811	1.219170466	1.611133584	4.663435181	4.053788875	4.987711837	4.31865591	69.71629582	12.52980165	5.871299664
Estonia	EST	3.117910663	3.16694167	-8.9187	-0.463	0.48438	5.84031	4.2	68.88	67.05699921	3.29399991	29.64900017	1.84509804	2	6.390325402	1.510358724	1.729512249	1.788877234	1.551247443	1.803663971	1.924795996	0.79934055	2.135132651	1.082785371	65.01656937	20.62635685	4.627263417
Pakistan	PAK	2.149443902	2.712429974	10.7526	12.5766	17.29	23.092	19.9	36.666	37.59500122	37.41600037	24.98900032	1.851258349	2.004321374	NA	2.44293314	1.25947203	1.015542489	1.775936501	1.347365148	3.556411061	2.891370175	4.020891395	3.414120626	61.41741112	5.312774308	5.886986778
Portugal	PRT	3.432310619	3.539513938	10.5401	10.1133	10.7139	12.8616	9.8	65.211	69.10900116	6.044000149	24.84700012	1.851258349	2.004321374	6.1952661	2.057816117	2.253425243	2.044708272	1.847848324	2.12447488	2.539828559	1.919078092	2.717420837	2.155639634	65.58823469	22.95385754	4.961919179
Ireland	IRL	3.668212444	3.708210841	5.7706	4.8137	6.2681	7.03313	3.2	63.17	76.41600037	4.769999981	18.81299973	1.851258349	2.004321374	6.359661257	1.86005627	2.247123476	2.141891682	1.88454502	1.912745339	1.978180517	1.536558443	2.217220656	1.822168079	65.72777865	14.86580169	4.838156185
Algeria	DZA	2.118958778	2.376131486	13.9205	15.9855	18.7271	24.2388	6.7	72.629	59.16799927	10.02299976	30.80900002	1.857332496	2.008600172	4.815807578	1.295128738	0.72757948	0.901445244	1.000136781	0.868770183	2.821054755	1.853698212	3.198244586	2.449169732	64.48882484	7.362496545	6.376894533
Czech Republic	CZE	2.880540358	2.959777637	-1.4419	3.35484	4.12353	8.65094	7	73.792	59.70000076	2.802000046	37.4980011	1.857332496	2.008600172	6.002025674	2.144894402	1.692422989	1.867047133	1.576447319	1.653989687	2.712060142	1.73239376	2.93277807	2.080987047	65.99251761	20.42087688	4.887673552
Oman	OMN	2.823869218	3.552011777	21.6421	22.0825	25.1476	27.6171	10.1	84.539	62.36800003	4.646999836	32.98500061	1.857332496	2.008600172	5.716027628	1.245614947	0.426955088	0.772099368	1.056528299	0.899081464	1.487138375	0.602059992	2.117602692	1.301029996	76.36070705	3.392786958	5.490660653
Georgia	GEO	2.204611001	2.313983157	-5.6613	-1.1769	2.0339	8.75168	5.8	58.632	44.04299927	42.42499924	13.53199959	1.86332286	2.012837225	6.106872256	1.827855011	2.042421927	1.629768304	1.89602605	1.88911898	2.578065884	1.401400541	2.823278557	1.738780559	66.33926798	15.86549144	4.841922312
San Marino	SMR	4.267296858	4.306923612	NA	NA	NA	NA	5.9	97.226	NA	NA	NA	1.86923172	2.017033339	6.403094223	2.752112498	NA	NA	NA	NA	NA	NA	NA	NA	NA	NA	1.77815125
Romania	ROU	2.902838566	3.033246785	-2.6834	4.75123	5.91392	12.2033	6.9	53.998	47.6629982	22.30699921	30.03100014	1.86923172	2.017033339	5.774345284	1.937717677	1.758784763	1.629361681	1.725780181	1.796019664	3.186306384	2.006466043	3.4155409	2.401745082	67.12674367	19.33870137	5.361878869
Croatia	HRV	2.727321614	2.73905468	1.54011	6.23965	7.18305	12.4404	5.4	56.947	66.33699799	6.241000175	27.42200089	1.86923172	2.017033339	6.601085292	1.875508056	1.96527839	2.185012066	1.868897067	1.771779968	2.408070285	1.419955748	2.601625479	1.666517981	66.042627	21.44543303	4.747877706
Brazil	BRA	2.884471362	3.541584361	26.6768	26.5488	26.605	26.7497	10.4	86.569	70.61299896	9.258999825	20.12800026	1.86923172	2.017033339	4.503599347	1.432355336	2.40704401	2.309468341	2.306450762	2.184148933	3.496459138	2.909716453	3.964547178	3.342994783	70.74309024	9.922837837	6.922109641
Greece	GRC	2.417597894	2.468920103	5.54565	9.91884	9.85232	15.0309	4.7	79.058	72.48500061	12.26799965	15.24800014	1.86923172	2.017033339	6.447621609	1.930565646	1.935618597	1.641599026	2.001640269	1.363602579	2.687796412	2.104487111	2.876564214	2.289365952	65.2734831	22.65527207	5.110252917
Iceland	ISL	3.722523361	3.723967493	-2.5931	-3.3576	-0.4306	0.73559	5.8	93.813	79.17700195	4.03000021	16.79299927	1.86923172	2.017033339	6.845845483	0.74248339	1.828607056	2.028319061	1.905427788	1.758724969	0.982271233	0.579783596	1.136720567	0.763427993	66.37258739	15.79509255	5.001084381
Netherlands	NLD	3.395978481	3.446637186	4.23661	4.55318	5.40208	8.30201	5.4	91.49	81.73100281	2.09800005	16.17099953	1.875061263	2.021189299	6.042777048	2.710504849	2.008859819	1.896104946	1.744275768	1.800761743	2.631950826	2.126131407	2.829753919	2.405175546	65.69564865	20.19619262	4.527501011
Iraq	IRQ	1.843805644	2.55111683	10.0133	14.5599	17.2607	22.5203	8.8	70.473	59.24599838	18.38299942	22.37100029	1.880813592	2.025305865	NA	1.956795255	1.549888125	1.40274271	1.691015149	1.55442495	2.66266341	1.588831726	3.129528774	2.32776749	59.2898349	4.32359966	5.637809829
Kuwait	KWT	3.308648063	3.889923335	13.7238	17.0738	21.5668	25.7991	12.2	100	73.44300079	2.061000109	24.49600029	1.880813592	2.025305865	6.322095606	2.369535378	0.949835296	1.034670962	1.664647616	1.558624583	1.450249108	0.707570176	2.18610838	1.374748346	76.9106396	3.550472384	4.2509077
Norway	NOR	3.174623181	3.198801919	-10.379	-5.8183	-2.6932	0.43394	5.3	82.248	78.42900085	2.105000019	19.46699905	1.880813592	2.025305865	6.036215139	1.218927074	1.885262248	1.887868128	1.848697652	1.797871116	2.110589711	1.603144372	2.295127086	1.861534411	66.40173941	18.04922218	5.562584279
Denmark	DNK	3.255640052	3.31658317	-0.3752	2.36807	3.77877	6.73868	8.3	87.874	79.10900116	2.243000031	18.64900017	1.880813592	2.025305865	6.347236924	2.146336762	1.762362666	1.80629464	1.640107604	1.746120213	2.163459552	1.763427994	2.363047594	1.997386384	64.72878483	20.81295264	4.625950046
Lebanon	LBN	2.096221545	2.304117685	6.77858	10.9352	12.7156	17.7	11.2	88.593	63.52099991	13.79500008	22.68300056	1.886490725	2.029383778	5.514509333	2.827042223	2.049349842	1.877051555	1.790935063	1.474208977	2.266701967	1.340444115	2.572406868	1.761927839	67.90176465	8.002368126	4.009875634
Austria	AUT	3.243996161	3.273618111	-1.9232	1.79674	2.4183	7.25195	6.6	58.297	70.87000275	3.694000006	25.43499947	1.886490725	2.029383778	6.546899452	2.038250185	2.038735376	2.129892817	1.816705183	1.960061977	2.555336328	1.713490543	2.707570176	2.00259798	67.70048594	20.00156648	4.916575008
Switzerland	CHE	3.543199705	3.552902453	-0.3247	1.05076	1.69033	5.90326	5.7	73.797	76.50800323	3.029999971	20.46199989	1.886490725	2.029383778	6.092609626	2.337501946	2.270394647	2.184796444	1.939202152	2.22068589	2.36567514	1.685741739	2.524525937	1.973127854	67.46582866	19.62321657	4.596772977
Bahrain	BHR	3.463111302	3.97870747	17.3573	19.3999	23.6044	27.7434	15.6	89.287	63.64799881	1.003999949	35.34799957	1.892094603	2.033423755	6.92693961	3.305195189	0.54305931	0.681181518	1.049024486	0.680100623	0.903089987	0.477121255	1.414973348	0.944482672	79.31935591	3.426333875	2.887054378
Israel	ISR	3.279811989	3.324602604	11.201	14.9117	16.9175	21.2617	9.7	92.418	81.875	0.952000022	17.17300034	1.892094603	2.033423755	5.683184785	2.61545217	1.653756489	1.54625386	1.387740325	1.161098356	2.077367905	1.515873844	2.292034436	1.85672889	61.09776757	12.97698603	4.335257256
Iran	IRN	3.107920545	3.321296991	7.29824	9.16896	13.6676	17.8158	9.6	74.898	50.91899872	17.64800072	31.43300056	1.919078092	2.053078443	4.958436682	1.717856994	1.365085327	1.249411171	1.571611018	1.550366571	3.218745513	2.230959556	3.533136288	2.728921646	70.33886756	7.184573813	6.211857095
Egypt	EGY	1.967809971	2.557373645	13.0717	17.0935	18.6792	24.2859	17.2	42.704	48.49200058	24.34799957	27.15999985	1.924279286	2.056904851	5.068206069	2.003776957	0.860743359	0.497807032	0.682860486	0.616989851	3.283911526	2.329804522	3.802862627	3.025428761	61.97149997	6.229779352	5.998019451
Nepal	NPL	0.70918513	2.149837772	3.93619	6.94576	11.1842	15.1148	7.2	19.74	19.53199959	65.56099701	14.90699959	1.982271233	2.100370545	4.607169196	2.296531607	0.671597669	1.39375064	1.420582793	1.267884794	2.69019608	2.31344537	3.135132651	2.762528523	64.85806386	6.72767078	5.156397697
Cambodia	KHM	0.91892109	0.931254406	26.5097	26.2987	29.1384	31.0886	6.4	23.388	38.06800079	33.65499878	28.27700043	1.986771734	2.103803721	5.59484136	1.973388411	1.393134544	0.569400832	1.346507493	1.459353279	2.348499571	1.6294096	2.957846633	2.363987829	65.22990515	5.568680023	5.246793919
Sri Lanka	LKA	1.615971082	1.943568706	26.1549	27.3025	28.5561	29.2301	10.7	18.476	45.68199921	25.2329998	29.08600044	1.986771734	2.103803721	5.041707648	2.541028442	1.624256306	2.116674145	1.728951642	1.956835214	2.63898816	2.127428778	3.070000904	2.561220679	66.32977926	11.47321975	4.797336801
Russia	RUS	3.15771781	3.521940917	-24.307	-19.446	-12.865	-3.0405	6.1	74.433	67.30899811	5.882999897	26.80800056	1.986771734	2.103803721	5.230677844	1.034310722	1.383490421	1.404657569	1.344677125	1.440093228	3.992133599	2.57124285	4.315632429	3.043283666	68.41121111	15.67470832	7.214230902
Finland	FIN	3.032229413	3.103422606	-14.995	-4.9438	-2.6349	2.42766	5.6	85.382	73.9509964	3.711999893	22.33699989	1.995635195	2.11058971	5.768420545	1.304422786	1.558580183	1.759998538	1.201678369	1.664399379	2.320146286	1.423245873	2.521661015	1.759667845	63.13402952	22.72078756	5.482716409
Belgium	BEL	3.660964842	3.710072494	4.46931	4.73348	5.43793	8.61794	4.6	98.001	77.94300079	0.994000018	21.06299973	1.995635195	2.11058971	5.905022353	2.578885424	2.06827865	1.983413372	1.870331322	1.858253791	2.534406899	1.992111488	2.720903171	2.249442961	65.15583353	19.78874376	4.481155871
Philippines	PHL	1.99783181	2.323905629	25.5973	25.1657	26.3042	27.6981	7.1	46.907	56.64300156	24.29299927	19.06399918	2	2.113943352	4.841218984	2.555926318	1.789343759	1.988566983	1.405440279	1.66539335	3.172807188	2.600972896	3.837253751	3.23726719	64.91439099	6.122568771	5.474463945
United Arab Emirates	ARE	3.265045768	3.605910158	19.9895	20.884	24.4137	27.735	16.3	86.522	63.93899918	1.463999987	34.59700012	2.004321374	2.117271296	6.361032664	2.138647186	0.37916224	1.265350923	1.22852098	0.94586626	1.428134794	0.672097858	2.356599436	1.826074803	85.31148958	2.085000983	4.922206277
Spain	ESP	3.687759602	3.714575343	7.93758	7.97624	8.73532	11.2886	6.9	80.321	75.46299744	4.203999996	20.33300018	2.008600172	2.120573931	6.250959703	1.980135496	1.974281358	1.891319978	1.797062466	1.908339694	3.105067149	2.653212514	3.28402445	2.847017098	66.95449134	20.37850752	5.69915237
Sweden	SWE	3.416195502	3.657845188	-11.617	-5.5792	-2.1491	1.70761	4.8	87.431	80.14900208	1.699000001	18.15200043	2.008600172	2.120573931	5.875801399	1.431380548	1.627238827	1.682990269	1.530272715	1.6998854	2.549248557	1.868644438	2.707229419	2.128722285	63.3226896	21.09552495	5.609925073
India	IND	1.69601546	2.304106904	17.9585	21.1902	25.2946	29.147	10.4	34.03	31.72200012	43.32899857	24.9489994	2.012837225	2.123851641	4.119211765	2.659857345	0.984677153	1.054402367	1.367301864	1.367480786	4.262496178	4.044449599	4.858602758	4.472760836	67.76674251	7.179955656	6.473222663
Italy	ITA	3.559221503	3.590733526	5.21067	7.25791	7.71718	12.1082	5	70.438	70.13899994	3.757999897	26.10300064	2.012837225	2.123851641	6.006872978	2.316915005	1.87693914	1.987657775	1.842215951	1.748474102	3.391499676	2.668851648	3.525576007	2.854123782	64.91920428	23.75167959	5.468554088
United Kingdom	GBR	3.509161108	3.629429886	4.56022	3.6933	5.31805	6.47751	3.9	83.398	80.80400085	1.070000052	18.12599945	2.012837225	2.123851641	5.742948493	2.442209061	2.307874543	2.065799981	2.004057277	1.978679372	3.228528677	2.771146349	3.451648299	3.044853217	64.92605226	19.39586569	5.383689725
Vietnam	VNM	0.597585502	0.644537058	20.3977	19.7918	23.0025	27.3298	6	35.919	34.58200073	38.60300064	26.81500053	2.025305865	2.133538908	5.22319339	2.491537122	1.936347332	1.342923805	1.410390834	1.841528399	3.177334455	2.580240509	3.58615955	3.022098297	70.55234479	8.274978289	5.491459749
Germany	DEU	3.306415591	3.343881235	0.90283	3.35926	4.4341	8.43469	10.4	77.312	71.41100311	1.248999953	27.34000015	2.025305865	2.133538908	5.67240258	2.379071479	1.842760841	1.832041155	1.627010286	1.729546251	3.583266804	2.85545858	3.74196268	3.103119254	65.91700795	22.46196199	5.542700969
Malaysia	MYS	2.315231206	2.412551261	26.2786	26.1558	26.656	27.1446	16.7	76.036	62.18199921	10.66499996	27.15200043	2.033423755	2.139879086	5.918181269	1.991061285	2.266055214	2.322657504	2.242787327	2.278865588	2.688152755	1.942008053	3.128173014	2.478277832	70.33310424	7.671754628	5.516601472
Canada	CAN	3.261302608	3.408508771	-19.128	-19.997	-15.174	-9.3411	7.6	81.411	78.94400024	1.485999942	19.56999969	2.033423755	2.139879086	5.765238275	0.783568315	1.422821205	1.469089723	1.472525349	1.433686646	1.113943352	0.505149978	1.380211242	0.748188027	67.89774252	18.23200667	6.958731549
France	FRA	3.328678409	3.374630502	5.62777	5.96637	6.67308	9.61717	4.8	80.444	77.20300293	2.507999897	20.28899956	2.037426498	2.1430148	6.125557905	2.09460526	2.031509451	1.979103838	1.876110987	1.884197586	3.197363272	2.504334912	3.386427618	2.789086915	63.00891076	21.03462476	5.738429335
Australia	AUS	2.436475926	2.456338699	28.3713	28.306	27.0285	23.8023	5.6	86.012	77.4960022	2.617000103	19.88699913	2.037426498	2.1430148	5.583448866	0.720087286	1.899770179	1.660951759	1.857172623	1.270044979	2.660486016	2.147057671	2.875928985	2.497482537	66.1529077	16.65647522	6.885491263
Singapore	SGP	3.600953956	3.818503278	27.9457	27.9745	28.6169	28.9305	5.5	100	83.4509964	0.736000001	15.81299973	2.041392685	2.146128036	6.41776656	3.900640097	2.297094885	2.392812985	1.997556311	2.187596856	1.906873534	1.1430148	2.273464273	1.517195898	77.25833724	12.46338018	2.850646235
Taiwan	TWN	1.289455166	1.292256071	NA	NA	NA	NA	NA	NA	NA	NA	NA	2.045322979	2.149219113	NA	NA	NA	NA	NA	NA	NA	NA	NA	NA	NA	NA	4.558624583
United States	USA	3.604062676	3.776873415	-2.9203	0.00595	3.66085	8.36253	10.8	82.256	78.75800323	1.368999958	19.87199974	2.053078443	2.155336037	5.392336299	1.577102007	1.659451246	1.616281166	1.776979972	1.809383268	3.905131793	3.450510839	4.2383347	3.793992822	66.48330594	16.80765407	6.96129862
Thailand	THA	1.645373138	1.660590401	24.1536	24.8159	28.6654	31.2162	7	49.949	45.05899811	32.13600159	22.80500031	2.056904851	2.158362492	5.743824781	2.139555469	1.619409541	1.064766753	1.218314888	1.524450649	3.064944426	2.605628222	3.481958316	3.032256025	72.01211809	12.90089314	5.708327402
South Korea	KOR	2.329965041	2.367629832	-2.9308	-0.0278	5.78669	12.352	6.9	81.459	69.80200195	4.997000217	25.20199966	2.056904851	2.158362492	5.476367474	2.725627536	NA	NA	NA	NA	2.875003354	2.377852419	3.132835804	2.686546899	73.60812056	15.41855584	4.988915521
Japan	JPN	2.100056775	2.13797725	0.10616	0.89734	4.76221	10.4544	5.6	91.616	72.07700348	3.493999958	24.42900085	2.075546961	2.173186268	5.390260051	2.542916828	1.991443611	1.918042401	1.889391354	2.181577788	3.61040462	3.142264291	3.778086101	3.299223923	60.72678132	28.57636991	5.561769016
China	CHN	1.773552419	1.774502367	-8.4061	-4.7359	2.7982	9.53561	9.2	59.152	45.70899963	26.10199928	28.18799973	2.127104798	2.214843848	4.659201421	2.177100062	1.323489298	1.15536337	1.349830973	1.725794879	2.873146151	2.28780173	3.289990066	2.690639012	72.20211376	11.92088353	6.972582842
World	OWID_WRL	2.718289057	2.96664616	NA	NA	NA	NA	NA	NA	NA	NA	NA	2.127104798	2.214843848	NA	NA	NA	NA	NA	NA	NA	NA	NA	NA	NA	NA	8.113051039
