CountryCode	tot_case_permillion_apr	tot_case_permillion_may	tot_case_permillion_jun	G_Temp_C_Jan2016	G_Temp_C_Feb2016	G_Temp_C_Mar2016	G_Temp_C_Apr2016	H_Diabetes2019	E_Urban_pct2018	E_Employ2018_serv_pct_tot_emp	E_Employ2018_agri_pct_tot_emp	E_Employ2018_ind_pct_tot_emp	H_covidduration_10Apr	H_covidduration_11May	H_covidduration_10Jun	TotVisitor2018_permillion	D_Popden2018	G_Rain_mm_Jan2016	G_Rain_mm_Feb2016	G_Rain_mm_Mar2016	G_Rain_mm_Apr2016	H_DALY_CVD_70yrs	H_DALY_resp_70yrs	H_DALY_CVD_all	H_DALY_resp_all	D_Age_15_64y_2018	D_Pop_over65_2018	G_Land_area_sqkm	 Rain_Apr_2010_2016_Average	Rain_Feb_2010_2016_Average	Rain_Jan_2010_2016_Average	Rain_Mar_2010_2016_Average	Temp_Apr_2010_2016_avg	Temp_Feb_2010_2016_avg	Temp_Jan_2010_2016_avg	Temp_Mar_2010_2016_avg
BES	76.275	228.824	266.962	NA	NA	NA	NA	NA	NA	NA	NA	NA	10	40	70	NA	NA	NA	NA	NA	NA	NA	NA	NA	NA	NA	NA	328	NA	NA	NA	NA	NA	NA	NA	NA
BDI	0.252	1.598	6.98	21.9844	21.4975	21.5936	20.715	5.1	13.032	6.484000206	92.01100159	1.504999995	11	41	71	NA	436.1782714	285.4230003	131.636	203.7400001	225.2940001	77.50000009	14.10000001	359.5999999	107.5999999	53.25137878	3.246940461	25680	127.0283571	119.8343	150.3547857	184.2143429	20.29087143	20.90842857	20.83157143	20.87861429
SSD	0.179	13.936	143.295	27.3052	29.0704	32.0408	30.7462	10.2	19.615	28.67200089	57.7120018	13.61600018	11	41	71	NA	NA	3.924990004	6.885269993	34.96849997	50.36620004	107.3	17.50000001	361.0000001	97.60000007	55.78139564	4.398482881	619745	63.33634286	5.494642857	3.249302857	31.59068571	30.45304286	29.57895714	27.422	31.06695714
SLE	0.878	38.486	128.495	25.9218	27.2571	28.7228	28.9914	2.4	42.055	38.09600067	55.56399918	6.34100008	11	41	71	7706.805	106.987171	12.2245	7.068950003	20.09220002	104.955	77.40000006	12.20000001	439.9	86.89999991	56.9738045	3.96655621	72180	112.255	13.06615	5.73042	25.46945714	28.40287143	27.24432857	25.74887143	28.58997143
BWA	5.528	9.78	17.86	27.9148	27.9282	25.7972	21.8037	5.8	69.446	60.81100082	21.02700043	18.16200066	11	41	71	NA	4.977424876	59.97040006	60.79210001	83.29219995	17.36409999	27.50000001	7.599999995	71.10000004	25.40000002	62.66317964	5.223874346	566730	33.37218571	69.32578571	93.84498571	64.71337143	21.89137143	26.54177143	26.92857143	25.47342857
MNP	191.115	277.985	521.222	26.7986	26.5479	27.0197	28.4634	NA	91.618	NA	NA	NA	12	42	72	9395918.153	124.6565218	164.0519999	245.3369998	134.0009999	104.3459999	NA	NA	NA	NA	NA	NA	460	257.2718429	210.5538714	472.4181429	294.0461429	27.9807	26.4479	26.62717143	27.16255714
PRI	238.741	768.306	1812.405	24.0992	24.2907	24.4739	25.2955	13.7	93.578	83.22499847	1.077999949	15.69699955	15	45	75	899362.063	361.2201802	65.51689998	146.8000001	82.64569992	386.4020003	NA	NA	NA	NA	65.48906365	19.67485023	8870	170.4283	100.1025286	122.0083429	64.69177143	25.29485714	24.25918571	23.94507143	24.42591429
VGB	99.216	231.504	264.577	NA	NA	NA	NA	14.2	47.723	NA	NA	NA	16	46	76	6261855.074	199.68	NA	NA	NA	NA	NA	NA	NA	NA	NA	NA	150	NA	NA	NA	NA	NA	NA	NA	NA
GNB	17.785	368.903	705.793	26.6811	26.8122	28.8933	30.2675	2.4	43.36	24.50600052	68.4980011	6.995999813	16	46	76	NA	67.65394733	1	1.06343	1	1.876990001	18.49999998	3.699999999	61.99999993	15.8	55.83713146	3.823716332	28120	1.355341429	0.016267143	0.000518571	0.000348571	30.00042857	26.81061429	25.48741429	28.9481
AIA	199.973	199.973	199.973	NA	NA	NA	NA	NA	NA	NA	NA	NA	16	46	76	NA	NA	NA	NA	NA	NA	NA	NA	NA	NA	NA	NA	91	NA	NA	NA	NA	NA	NA	NA	NA
SXM	1165.99	1772.305	1795.625	NA	NA	NA	NA	6.8	100	NA	NA	NA	17	47	77	4449357.591	NA	NA	NA	NA	NA	NA	NA	NA	NA	NA	NA	34	NA	NA	NA	NA	NA	NA	NA	NA
KNA	206.798	281.997	281.997	24.15	24.25	24.15	25.0499	13.3	30.776	NA	NA	NA	17	47	77	2280124.767	202.6961538	85.37500006	89.9249001	158.6989999	117.074	NA	NA	NA	NA	NA	NA	260	142.9531286	92.87124286	114.6355714	97.13197143	24.74994286	24.11784286	24.03212857	24.11785714
MLI	2.913	34.764	78.318	22.3765	24.113	28.3757	32.667	2.4	42.356	29.34300041	63.00600052	7.651000023	17	47	77	778.056	16.63501585	1.221099999	1.340099999	1.606670002	8.711489991	180.9000001	37.50000002	688.7	217.7	50.94928386	3.507229755	1220190	6.81999	0.399748571	0.072182857	0.812597143	31.83245714	24.68014286	22.03904286	28.65791429
TCA	206.622	309.933	309.933	NA	NA	NA	NA	NA	93.098	NA	NA	NA	18	48	78	12635769.73	40.64736843	NA	NA	NA	NA	NA	NA	NA	NA	NA	NA	950	NA	NA	NA	NA	NA	NA	NA	NA
LAO	2.199	2.611	2.611	19.5814	19.5894	24.1649	27.6786	6.4	35.004	25.14900017	63.24399948	11.60700035	18	48	78	557828.282	31.59578421	110.2420001	9.335299999	22.8485	73.26560007	101.8	25.00000002	363.8000002	100.0999999	64.32093131	5.075149969	230800	82.29707143	15.83549	56.13599286	44.37162857	26.04465714	21.48395714	19.24604286	23.5795
LBY	3.493	9.314	48.317	13.1445	16.7334	19.3004	24.316	10.2	80.102	58.64500046	18.43300056	22.92300034	18	48	78	NA	4.795632381	7.798689993	2.199579999	1.622509999	1.767280001	104.2	12.89999999	306.8999997	48.59999997	68.28872198	5.392040257	1759540	2.624918571	3.92652	7.555088571	3.712074286	23.44654286	15.78104286	13.43225714	19.20582857
VIR	478.822	660.774	679.927	NA	NA	NA	NA	12.3	95.721	76.89900208	3.388999939	19.71199989	18	48	78	3700763.465	306.6485716	NA	NA	NA	NA	NA	NA	NA	NA	61.99828041	20.28830724	350	NA	NA	NA	NA	NA	NA	NA	NA
CUW	85.314	97.502	127.971	NA	NA	NA	NA	11.6	89.145	NA	NA	NA	19	49	79	2700006.247	NA	NA	NA	NA	NA	NA	NA	NA	NA	65.43115913	17.68489481	444	NA	NA	NA	NA	NA	NA	NA	NA
MMR	0.496	3.308	4.521	17.4929	20.0651	23.8188	26.5187	3.9	30.579	34.26599884	49.70000076	16.0340004	19	49	79	67145.428	83.2386155	20.26010002	10.66391999	21.29330001	60.61189999	895.9000008	351.9999996	2820.100003	1117.9	68.84430976	6.784641929	653080	59.63787143	6.081945714	12.49954143	24.87944286	25.8875	20.34205714	18.11964286	23.24695714
BLZ	22.635	45.269	47.784	23.2621	22.9213	25.9332	27.5573	17.1	45.724	67.23400116	17.08600044	15.68000031	19	49	79	1332591.188	17.79399384	65.60210002	98.21990008	73.40960006	57.49469997	5.400000002	1.600000001	13.3	3.999999997	65.98377586	5.736458777	22810	55.5958	55.86312857	111.7503	66.7775	27.18431429	23.84022857	23.21295714	25.25961429
VCT	108.16	153.226	243.359	26.7	26.3899	26.8	27.99	11.6	52.198	69.10500336	10.94499969	19.9489994	19	49	79	729643.209	283.5897436	64.83999997	40.62999997	93.51999997	41.75000002	3.800000003	1.2	7.899999995	2.200000001	68.86890597	10.58978686	390	99.43127143	42.76568571	68.78712857	61.93284286	27.46571429	26.30708571	26.24285714	26.7
ABW	768.035	945.994	945.994	NA	NA	NA	NA	11.6	43.411	NA	NA	NA	20	50	80	10322171.66	589.0277777	NA	NA	NA	NA	NA	NA	NA	NA	69.64660594	14.55094714	180	NA	NA	NA	NA	NA	NA	NA	NA
GRD	106.649	186.635	204.41	26.6788	26.2818	26.7788	27.8754	10.7	36.272	NA	NA	NA	20	50	80	1723858.069	328.8058827	50.46710006	31.19569999	82.40250002	69.99830004	3.199999998	1.2	6.500000005	1.8	67.81680338	10.62190679	340	90.8151	38.35993429	72.87398571	58.47218571	27.38905714	26.2232	26.09405714	26.67788571
DMA	222.25	222.25	250.031	24.1652	24.0698	24.1029	25.0843	11.6	70.483	NA	NA	NA	20	50	80	856643.642	96.49999992	181.9920001	137.3480001	315.192	130.5229999	NA	NA	NA	NA	NA	NA	750	311.1152857	131.5393429	182.5712857	191.2844143	24.5908	23.9134	23.98987143	23.97755714
MOZ	0.544	2.911	14.493	26.4742	27.2757	26.9119	24.6275	3.3	35.988	21.00200081	70.58699799	8.411000252	20	50	80	95145.708	38.50853528	206.6380001	110.691	122.606	85.31910008	228.9999998	28.59999999	673.8000006	182.8999998	53.43843538	3.890764458	786380	77.37247143	178.7844286	218.6992857	139.3785714	24.51684286	26.58248571	26.45828571	26.15472857
SYR	1.086	2.686	8.343	6.20466	11.5363	13.8191	19.6743	13.5	54.162	62.23699951	11.00800037	26.75499916	20	50	80	NA	93.06710785	59.41689996	31.06870003	39.75750003	17.11679999	322.3999999	27.99999998	956.7000001	132.4999999	65.07533478	5.503124422	183630	24.03407143	40.58828571	57.30131429	33.94282857	17.94892857	9.698165714	7.426871429	12.97556857
UGA	1.159	2.645	14.363	25.2064	25.3727	25.3145	24.3254	2.5	23.774	20.52899933	72.875	6.596000195	21	51	81	NA	214.0617344	87.60880005	28.63120002	90.53410008	181.2760002	227.7000002	42.10000002	940.2999998	310.7999999	52.12848785	2.94098692	200520	154.0405571	41.41674286	47.02491429	109.2931714	23.69895714	24.63552857	24.14154286	24.88307143
ERI	9.305	10.997	11.561	22.8108	24.7936	28.3323	28.914	5.1	NA	29.92000008	61.61800003	8.461999893	21	51	81	NA	NA	9.310559996	1.41073	4.220580004	17.32070001	56.50000002	9.499999994	184.2000001	45.20000002	NA	NA	101000	10.49091571	1.671648571	7.168051429	2.798028571	28.45714286	25.1568	23.24341429	26.68735714
AGO	0.578	1.369	2.921	24.4096	24.4343	23.8346	22.2593	4.5	65.514	41.27500153	50.51800156	8.206999779	21	51	81	7565.942	25.71305205	118.5790001	127.061	145.6059999	83.74770007	182.7999998	29.19999997	672.4000004	216.1000001	51.97470165	3.216373646	1246700	101.0052857	135.535	143.9108571	170.2344286	22.50455714	23.34094286	23.07398571	23.26582857
TLS	1.517	18.203	18.203	26.7362	26.8982	27.209	27.0801	6.7	30.578	45.02500153	45.47900009	9.49600029	21	51	81	59117.723	86.27047753	223.0500002	110.8079999	232.352	114.756	12.5	4.199999996	38.39999997	13.10000001	58.90284342	5.316492297	14870	179.0823714	213.5058571	293.0191429	283.19	25.8177	25.72364286	25.75202857	25.9894
MSR	1800.36	2200.44	2200.44	NA	NA	NA	NA	NA	NA	NA	NA	NA	21	51	81	NA	NA	NA	NA	NA	NA	NA	NA	NA	NA	NA	NA	102	NA	NA	NA	NA	NA	NA	NA	NA
IMN	2234.453	3880.892	3951.454	NA	NA	NA	NA	NA	52.588	NA	NA	NA	22	52	82	NA	148.5035087	NA	NA	NA	NA	NA	NA	NA	NA	NA	NA	570	NA	NA	NA	NA	NA	NA	NA	NA
NER	16.938	33.916	40.237	19.3265	22.6202	28.7113	32.391	2.4	16.425	17.4829998	75.31199646	7.204999924	22	52	82	7594.5	18.7176506	1.010060001	1.437709998	1.191519999	2.896779998	166.4	26.9	725.3999996	179.7	48.42066749	3.595007883	1266700	2.281238571	0.518445714	0.01006	0.230521429	31.36288571	23.54025714	19.88071429	27.59924286
MDG	3.358	6.175	41.096	25.2028	25.3506	25.4249	24.1394	4.5	37.191	26.43099976	64.6740036	8.895999908	22	52	82	11689.345	46.1398556	224.3550001	232.8629999	190.445	91.95489991	234.2000001	45.50000004	930.0999992	288.0999998	57.3451323	3.986717128	581800	93.4412	276.9335714	278.7582857	180.2405714	24.01094286	25.07741429	25.08747143	24.95918571
ZWE	0.74	2.422	21.126	25.249	26.0157	24.6239	21.4851	1.8	32.209	26.80599976	66.30699921	6.887000084	22	52	82	159748.793	38.32459093	45.64369997	44.39629996	114.271	13.18930001	112.0000001	28.10000001	467.7999995	140.4999999	55.65941007	3.93952365	386850	33.13627143	86.29364286	151.8258714	74.97715714	21.5954	24.63521429	24.52767143	23.87517143
PNG	0.224	0.894	0.894	25.8074	26.1561	25.9989	25.9956	17.9	13.169	34.1969986	59.36800003	6.434999943	22	52	82	17316.158	20.00436338	308.2430001	306.2430003	334.609	239.4170002	83.19999994	25.69999998	422.8999999	138.2	61.73879631	4.445269247	452860	346.358	312.3337143	307.243	331.6687143	25.71287143	25.71591429	25.66375714	25.65652857
CPV	12.59	442.456	1052.181	23.7507	22.2554	21.4185	22.0371	2.4	65.732	66.28199768	11.8380003	21.87999916	22	52	82	1315886.432	135.9297766	1	12.71800001	12.99860001	13.97369999	58.30000003	10.5	198.5999999	53.09999999	67.61290595	5.609327151	4030	12.9737	11.718	10.89592857	11.9986	21.90285714	21.00421429	22.19488571	21.552
NCL	63.049	63.049	73.557	25.1409	26.4996	25.2184	24.2233	21.8	70.683	77.00499725	1.985000014	21.01000023	22	52	82	431656.721	16.5393873	49.07390005	219.181	281.7749997	51.07529997	NA	NA	NA	NA	69.08491634	10.17415794	18280	144.5945	157.7589143	195.7555571	171.4707286	23.52221429	25.21854286	24.86115714	24.61014286
GIB	3650.827	4333.502	5223.947	NA	NA	NA	NA	NA	100	NA	NA	NA	23	53	83	NA	3372.799998	NA	NA	NA	NA	NA	NA	NA	NA	NA	NA	10	NA	NA	NA	NA	NA	NA	NA	NA
BMU	770.8	1894.882	2264.224	NA	NA	NA	NA	6.7	100	NA	NA	NA	23	53	83	4316429.927	1185.592573	NA	NA	NA	NA	NA	NA	NA	NA	NA	NA	50	NA	NA	NA	NA	NA	NA	NA	NA
CYM	684.723	1232.502	2678.028	NA	NA	NA	NA	6.8	100	NA	NA	NA	23	53	83	7619408.885	268.3916665	NA	NA	NA	NA	NA	NA	NA	NA	NA	NA	240	NA	NA	NA	NA	NA	NA	NA	NA
FRO	3765.476	3826.87	3826.87	3.23637	2.52013	4.48323	4.47303	4.7	42.064	NA	NA	NA	23	53	83	NA	35.73996987	150.9909999	179.3290001	82.34709994	57.75250003	NA	NA	NA	NA	NA	NA	1396	132.0554857	160.3928	207.555	129.2988857	5.095554286	3.825317143	3.870161429	4.45505
ATG	194.02	255.29	265.501	25.2008	25.3118	25.2281	26.0543	13.1	24.599	NA	NA	NA	23	53	83	2664325.896	219.8318182	99.57429999	98.54600003	192.972	119.217	2.6	1.2	5.999999995	2.000000002	70.1190827	9.799825511	440	178.4331	100.6681	126.2519143	119.0810143	25.74501429	25.17545714	25.07221429	25.17228571
GRL	193.757	193.757	228.986	-21.069	-24.015	-24.596	-20.287	2.1	86.816	NA	NA	NA	23	53	83	NA	1.136496527	55.0454	38.52839999	58.62110006	40.08289998	NA	NA	NA	NA	NA	NA	410450	40.13031429	47.9182	49.10038571	56.09905714	-21.47328571	-24.88042857	-22.06814286	-26.78828571
TCD	0.67	19.603	51.382	20.7018	24.0887	29.4069	31.4897	6	23.059	21.13199997	76.7440033	2.125	23	53	83	NA	13.29173365	1.243229999	2.2437	2.278709999	11.90669999	300.2999999	75.90000002	632.2000007	179.5999999	51.39318108	3.480518945	1259200	5.920308571	1.361484286	0.243335714	1.919685714	30.96092857	25.05588571	21.45077143	28.36662857
FJI	16.733	20.079	20.079	26.3964	27.5841	26.6483	25.5076	14.7	56.248	49.68700027	36.93099976	13.38199997	23	53	83	968000.392	49.35703333	269.1449999	446.0479996	422.3800001	949.037001	16.69999999	4.199999996	64.80000002	14.89999999	66.03769742	6.44968042	18270	414.5865714	381.945	445.3661429	417.83	25.27212857	26.0709	25.66948571	26.06662857
HTI	2.631	15.961	321.157	23.4669	24.0442	24.8594	25.3103	6.7	55.278	64.27999878	28.9489994	6.771999836	23	53	83	41208.371	404.5985491	40.12819997	113.5570001	199.7219998	286.0090003	199.2	23.20000001	781.2000007	153.9000001	62.80835196	5.949403848	27560	146.98128	61.91944286	27.37027286	101.4627857	24.97784286	23.57861429	23.22791429	24.106
MUS	246.901	261.054	264.986	26.5749	26.8001	26.5966	25.5451	22	40.793	68.19300079	6.260000229	25.54599953	23	53	83	1107265.366	624.3019709	179.5020001	432.8490005	141.5919999	239.6449999	28.59999999	10.20000001	81.80000006	26.99999999	71.73213464	12.47417306	2030	139.6971429	305.815	277.0781857	287.8955714	25.27945714	26.38458571	26.1416	26.10797143
SUR	17.046	17.046	233.536	25.573	25.3688	26.2009	26.1518	12.5	66.06	68.94799805	7.583000183	23.46899986	23	53	83	NA	4.69225	91.47709996	223.1459998	139.3229999	373.2140003	12	1.9	33.79999998	5.6	66.92336673	7.9063699	156000	267.9884286	259.0772857	159.1737143	227.8478571	26.03505714	25.38994286	25.54418571	25.9626
GGY	2848.535	3758.277	3758.277	NA	NA	NA	NA	NA	NA	NA	NA	NA	23	53	83	NA	NA	NA	NA	NA	NA	NA	NA	NA	NA	NA	NA	78	NA	NA	NA	NA	NA	NA	NA	NA
JEY	1810.573	2908.789	3096.772	NA	NA	NA	NA	NA	NA	NA	NA	NA	23	53	83	NA	NA	NA	NA	NA	NA	NA	NA	NA	NA	NA	NA	119.5	NA	NA	NA	NA	NA	NA	NA	NA
ZMB	2.121	14.524	65.274	24.6264	25.1474	24.5509	21.0901	4.5	43.521	39.85699844	49.26100159	10.88099957	24	54	84	64611.882	24.34147891	195.5400001	160.1300001	130.0179999	27.97739999	104.4999999	17.60000001	383.2999998	107.9999999	53.96418084	3.099678029	743390	35.52045714	187.5067143	221.923	164.581	21.93401429	23.80742857	23.42552857	23.58907143
NIC	0.906	2.415	197.598	24.6104	24.4534	26.3668	26.7124	11.4	58.522	52.93000031	30.3029995	16.7670002	24	54	84	204230.163	54.72704841	48.57940005	75.35550003	29.03040001	26.78500002	62.80000004	11.59999999	174.1	38.3	65.55082139	6.247497442	120340	53.56448571	66.25304286	95.65831429	44.9978	26.60884286	24.76942857	24.42091429	25.72987143
DJI	141.7	1224.694	4383.594	24.5048	25.7741	29.3316	28.7531	5.1	77.777	53.22000122	33.91400146	12.86600018	24	54	84	NA	42.36842101	6.621780003	4.956790001	11.32009999	84.95340003	12.20000001	2.400000002	42.10000002	8.900000007	66.89830466	5.527579379	23180	41.53665143	14.82149429	4.048302857	27.40124286	29.07394286	25.63127143	24.08735714	27.31691429
KGZ	45.676	155.728	320.806	-8.8414	-7.4972	0.39397	5.82481	6.1	36.351	54.43500137	21.96699905	23.59799957	24	54	84	69541.639	33.92909283	31.75669997	11.54529999	37.76249998	70.13790008	164.7999999	15.69999999	419.9999996	46.79999999	64.15485489	5.494727977	191800	46.73287143	41.09691429	24.43208857	44.1627	5.840847143	-10.29544286	-11.34717143	-2.230932857
SLV	18.038	147.698	491.967	24.2017	23.573	25.9571	26.7283	8.8	72.023	61.08800125	16.70800018	22.20400047	24	54	84	264361.581	310.8814673	10.95149	12.09999999	18.21810002	31.45080001	91.49999999	15.2	224.8000001	45.20000002	65.58082912	9.287089994	20720	55.09432857	8.270727143	14.59909	24.71596429	26.29602857	24.04998571	23.87788571	25.37147143
PYF	181.557	213.596	213.596	NA	NA	NA	NA	19.5	61.834	78.15599823	7.081999779	14.76299953	24	54	84	771927.383	76.86857922	NA	NA	NA	NA	NA	NA	NA	NA	69.94759777	9.290508115	3660	NA	NA	NA	NA	NA	NA	NA	NA
GUM	758.37	894.64	1066.458	NA	NA	NA	NA	18.7	94.78	85.28700256	0.244000003	14.46899986	24	54	84	9509082.427	307.9777778	NA	NA	NA	NA	NA	NA	NA	NA	66.68638095	10.84991073	540	NA	NA	NA	NA	NA	NA	NA	NA
GMB	1.655	8.276	11.586	26.6752	26.9471	28.8104	30.3231	1.9	61.27	56.66699982	27.75300026	15.57999992	25	55	85	270787.568	226.3065219	NA	NA	NA	NA	19.49999998	3.800000003	69.09999994	16.80000001	54.14127401	3.589980941	10120	NA	NA	NA	NA	30.08205714	26.74328571	25.35738571	28.89277143
MNE	401.234	515.873	515.873	0.29943	4.92154	5.05899	10.6071	9	66.813	73.08300018	8.019000053	18.89800072	25	55	85	3335036.981	47.27100373	118.4220001	116.6309999	152.9219999	70.98850007	41.80000002	3.300000001	67.50000003	5.700000004	67.81554417	15.97493663	13450	97.34315714	119.5421714	114.5319429	100.4427143	9.445925714	0.991901429	0.31661	4.717851429
BRB	229.668	292.305	320.144	26.3317	26.0658	26.2658	27.2317	13.4	31.147	78.06199646	2.693000078	19.24399948	25	55	85	2385993.537	667.6069774	142.7630001	61.48420006	145.6960001	34.58730001	11	2.3	19.09999999	3.9	67.85435788	16.80269395	430	191.7363286	87.48387714	129.8910857	104.0351857	26.6554	25.90865714	25.8801	26.11842857
BHS	104.26	233.949	261.921	21.4746	21.7849	24.5219	25.0497	8.8	83.025	83.31600189	2.197999954	14.48700047	25	55	85	4173985.836	39.52547456	NA	NA	NA	NA	7.299999998	1.400000001	17.9	3.4	71.25752191	8.257602363	10010	NA	NA	NA	NA	25.11198571	22.11811429	21.61118571	23.13391429
SOM	0.755	66.318	152.015	26.5705	27.3286	29.8682	29.1108	5.1	44.971	13.17599964	83.20400238	3.619999886	26	56	86	NA	24.92347692	3.997729998	3.950000003	9.53286	75.03079999	113.2	15.89999999	515.5000005	119.4000001	51.55010497	3.873310945	627340	53.9673	4.157732857	3.546488571	13.98671	29.13054286	26.6292	25.67472857	28.13302857
TZA	0.419	8.521	8.521	24.369	24.4467	24.5842	23.1199	5.7	33.776	27.54500008	65.75299835	6.702000141	26	56	86	24796.588	64.57907885	NA	NA	NA	NA	444.1999998	63.40000002	1446.199999	416.5000002	54.30046267	3.601299179	885800	NA	NA	NA	NA	22.82202857	23.79308571	23.66551429	23.68784286
BEN	2.475	26.313	25.158	27.3096	29.5965	31.2871	31.2319	1	47.312	41.86399841	39.24700165	18.88899994	26	56	86	27133.268	102.8539197	1.177220001	2.077250002	50.10930001	49.296	104.4999999	18.49999998	413.7000001	105.3	55.29871226	4.253605296	112760	63.71342857	11.35901143	2.35593	33.88744286	30.87425714	29.71235714	27.2013	31.15197143
LBR	6.129	39.346	75.726	25.7082	27.0659	27.7331	27.6391	2.4	51.151	46.16899872	43.43000031	10.40100002	26	56	86	NA	51.03090743	28.44969999	32.29379998	90.70669997	87.89209997	44.19999996	5.900000005	133.0999999	26.8	56.62158157	4.253431803	96320	113.7668714	67.00722857	20.14344286	87.93822857	27.08038571	26.42584286	25.67018571	27.57868571
CAF	2.278	37.062	390.909	24.6306	26.9932	28.0934	27.9595	6	41.364	17.02799988	77.56700134	5.40500021	27	57	87	NA	8.490412214	6.442959998	9.681430006	62.90960003	135.498	115.2999999	19.20000001	612.0999993	152.7	53.87990571	3.825773706	622980	95.97142857	19.34147571	8.379592857	61.67054286	27.6972	27.1429	24.62837143	27.9453
COG	10.873	52.011	131.93	25.6925	26.4859	26.5102	26.355	6	66.916	43.47800064	34.60300064	21.91900063	27	57	87	30434.338	16.35684627	77.74400005	145.5150001	208.9729998	237.4899997	66.79999993	18.59999999	158.8	43.40000005	56.55477801	3.681719536	341500	172.3272857	131.7744143	104.0587857	176.7491429	26.01757143	25.79242857	25.23304286	26.0691
UZB	17.389	72.246	135.856	2.41011	4.31231	10.2394	15.0633	6.5	50.478	46.39500046	24.59499931	29.01000023	27	57	87	167858.807	78.46920543	28.16180001	9.30159999	49.76149998	35.36200002	872.1999993	33.10000002	2274.900002	174.2000001	67.89480464	5.41913788	425400	28.88272857	27.68191429	22.8841	39.71272857	15.3171	-1.267748571	-1.344012857	7.155038571
MNG	4.881	12.812	59.177	-23.409	-16.498	-5.0038	4.5367	4.7	68.445	52.83100128	27.99500084	19.17399979	27	57	87	174737.787	3.040608666	3.554300004	3.047900001	9.177199991	14.0562	57.20000003	4.199999996	208.4000002	16.80000001	66.50689294	5.083538792	1553560	11.92479714	2.326298571	2.002298571	5.212285714	3.581882857	-17.47614286	-21.37785714	-7.266085714
OWID_KOS	117.448	450.13	653.465	NA	NA	NA	NA	NA	NA	NA	NA	NA	27	57	87	NA	NA	NA	NA	NA	NA	NA	NA	NA	NA	NA	NA	10887	NA	NA	NA	NA	NA	NA	NA	NA
SYC	101.688	111.857	111.857	28.0633	28.505	29.2683	29.2783	12.3	56.691	NA	NA	NA	28	58	88	3823496.483	211.3521738	338.4199999	236.7010002	244.01	182.5990001	3.100000001	1.400000001	7.599999995	2.200000001	69.77008322	8.594545597	460	141.5248571	160.8123571	298.0615714	173.7563143	29.00442857	28.14771429	27.81074286	28.65272857
RWA	8.724	21.927	35.747	21.2427	20.7551	20.7492	20.0019	5.1	17.211	28.06299973	63.24599838	8.690999985	28	58	88	NA	499.6598704	210.5609998	88.88759995	174.881	162.1839999	75.50000006	15.30000001	262.1	97.20000002	58.08623092	3.938196075	24670	119.9368714	96.45847143	112.9143286	144.0812857	19.46348571	20.17084286	20.01595714	20.16338571
GIN	14.772	163.408	324.227	25.3872	26.6809	28.8811	29.8407	2.4	36.14	31.62700081	62.27199936	6.100999832	28	58	88	NA	51.52221232	10.33585	2.970979998	11.59509999	75.58139998	136.4999999	23.7	526.5000006	130.3999999	54.22380417	3.926022444	245720	76.35798571	6.338072857	2.357524286	17.75709857	29.28124286	26.7546	25.0607	28.88297143
MRT	1.505	1.721	249.911	22.6999	23.1955	25.5577	30.0845	7.1	53.672	35.22800064	52.05599976	12.71500015	28	58	88	NA	5.272163584	1.344819999	1.234659999	1.081029999	1.19384	45.69999999	6.800000005	144.3	31.50000002	57.77570505	4.141112157	1030700	0.281762857	0.3763	0.50776	0.17403	29.7211	22.88278571	21.44952857	26.21897143
GNQ	12.83	312.904	930.872	26.0557	26.8339	26.2403	26.0719	6	72.143	38.11999893	42.08599854	19.79400063	28	58	88	NA	47.6657397	74.92350001	68.83879999	250.9229998	247.7719997	12.5	2.699999999	46.00000003	11.39999999	61.42552372	3.457877351	28050	199.8362857	138.1419286	104.3600857	236.5475714	25.79712857	26.06598571	25.63748571	25.95041429
BGD	2.004	88.998	435.213	17.0993	21.8939	25.6368	28.014	9.2	36.632	39.72700119	39.45700073	20.81599998	28	58	88	NA	1240.579313	8.102789992	15.37520001	48.49149995	108.1099999	2223.100002	884.6999994	6886.800003	2316.100002	68.13558688	6.158390645	130170	150.4046571	15.69060714	5.65792	37.28290714	27.69768571	20.73411429	17.62544286	25.47564286
GTM	7.033	58.72	439.06	22.6342	22.0936	24.7485	26.2265	10	51.054	49.54999924	31.72699928	18.72400093	28	58	88	107402.637	161.9537793	63.91159999	47.31490005	97.79240009	68.47609992	125.5000001	27.6	333.7000003	100	61.75253209	5.812072513	107160	99.42452857	47.70988571	78.93207143	83.98568571	25.69061429	22.73797143	22.36962857	24.16135714
GUY	47.04	132.221	198.332	25.9777	25.5531	26.5188	26.4325	11.6	26.606	59.72800064	17.48699951	22.78499985	28	58	88	371136.06	4.95734824	121.4389999	117.867	35.01990003	262.8499998	15.89999999	2.400000002	62.20000004	9.099999993	66.33518352	7.450271235	196850	192.3852571	209.4595714	110.1399429	143.3443286	26.11787143	25.70212857	25.82648571	26.19185714
NAM	6.297	6.297	12.2	26.8607	26.2618	23.513	20.7363	4.5	50.032	61.18899918	22.5909996	16.22100067	28	58	88	NA	3.973745581	31.89140002	66.33060004	60.54110006	22.85779998	30.69999997	8.399999999	81.99999993	29.69999998	60.45371914	4.63603168	823290	26.51737429	69.36635714	53.06324286	64.96138571	21.32081429	25.09605714	25.38554286	24.16912857
SWZ	10.343	148.255	319.782	24.7847	25.4236	24.3737	21.8849	4.5	23.799	63.2859993	12.68099976	24.03300095	28	58	88	582236.305	67.05761623	68.22010005	64.53539997	74.40709994	15.91420001	15.09999999	4.9	45.60000004	18.59999999	58.87292046	5.014587942	17200	59.94976429	76.30908571	123.1781571	81.30862857	20.82537143	24.52902857	24.31227143	23.67807143
KAZ	42.712	272.998	709.336	-9.5723	-4.8249	1.9765	11.2294	6.1	57.428	63.3030014	16.26399994	20.43400002	28	58	88	493846.418	7.769825907	25.3695	13.0222	28.285	33.07719998	661.2000002	61.99999993	1669.000001	196.1000002	65.14760402	8.391846262	2699700	24.08962857	15.85600286	19.66534429	24.72585714	10.22235714	-11.39864286	-12.09295714	-1.669102857
LCA	76.241	98.024	103.469	25.6444	25.4333	25.7	26.7	11.6	18.678	64.25	17.52799988	18.22200012	28	58	88	2218907.29	299.1786885	128.6329999	92.11110006	205.2999998	77.34440004	4.799999996	1.5	10.79999999	3.300000001	72.66458658	10.80653036	610	203.1249143	88.74109	125.5138571	125.9124857	26.21105714	25.29995714	25.36185714	25.5587
CUB	45.468	155.916	194.674	23.051	23.1499	25.4636	25.8263	9.6	77.037	65.30599976	17.74900055	16.94499969	28	58	88	408156.844	109.9995962	75.09869997	46.7593	43.33929995	81.72340007	345.7000004	60.69999999	695.3999994	147.6999999	69.60254952	16.18621143	104020	101.6597429	36.8563	36.04319429	54.02155714	25.89594286	23.3157	23.06424286	24.34697143
URY	124.65	203.528	243.542	24.8338	25.2027	20.6308	18.6929	7.3	95.334	72.44200134	8.359000206	19.1989994	28	58	88	1007257.245	20.70802764	53.91030005	144.8459999	114.9340001	256.006	97.60000007	28.90000002	172.3999998	57.90000004	65.57749938	15.81451953	175020	114.0763	182.5886714	118.5612429	90.09217143	18.54797143	23.97907143	24.56374286	21.21677143
VEN	6.014	14.559	92.559	26.8477	26.7253	27.144	27.3357	7	88.208	74.38600159	7.948999882	17.66500092	28	58	88	NA	33.73079188	13.5938	26.96379999	46.33469995	175.9989999	451.0999999	73.10000001	1261.2	236.1999998	66.06636281	8.266986625	882050	156.3797143	52.64505714	38.71888571	69.37374286	26.6559	26.35888571	26.04871429	26.83385714
VAT	9888.752	14833.127	14833.127	NA	NA	NA	NA	NA	NA	NA	NA	NA	28	58	88	NA	NA	NA	NA	NA	NA	NA	NA	NA	NA	NA	NA	0.44	NA	NA	NA	NA	NA	NA	NA	NA
AND	7545.46	9771.565	11026.985	6.19359	6.35802	7.2024	9.92072	7.7	88.062	NA	NA	NA	29	59	89	39362348.22	164.8425534	52.7087	112.7660001	65.80370004	60.90049996	NA	NA	NA	NA	NA	NA	470	63.51722857	55.26249857	54.41388571	82.15182857	10.57858	4.21209	4.53385	7.70343
ETH	0.487	2.079	20.319	22.3607	23.9324	26.4227	25.2007	4.3	20.763	23.27499962	66.70600128	10.01799965	29	59	89	8290.767	110.224559	14.9823	10.75662001	25.9484	160.0790001	969.100001	140.6999999	3010.900002	722.1	56.7158851	4.501133003	1000000	94.93917143	15.52732	9.55051	38.9831	25.20391429	23.42741429	21.98104286	24.80774286
BTN	6.48	11.664	76.463	3.35166	7.13829	10.1431	12.9554	10.3	40.895	33.50099945	55.98799896	10.51000023	29	59	89	343460.363	20.77752775	11.33760001	3.644130004	36.90870002	115.2120001	9.30000001	4.600000003	42.59999999	16.00000001	69.22563449	7.003011717	38117	116.3648571	10.80133143	6.222838571	26.97878571	12.73542857	6.223745714	3.897197143	10.32725286
KEN	3.422	12.497	55.587	27.0367	27.5964	27.7507	26.9416	3.1	27.03	37.71900177	55.08499908	7.196000099	29	59	89	NA	91.29941672	57.72510001	19.21999999	31.48650002	167.705	189.6	34	629.4000006	221.6999999	58.87864651	3.339186608	569140	114.2608714	25.79891429	37.0123	69.72415714	26.19505714	26.53225714	25.80272857	27.11451429
SDN	0.319	31.084	142.351	20.5369	23.6229	29.0607	30.8356	22.1	34.642	43.1570015	40.10699844	16.73699951	29	59	89	21122.429	NA	1.612579999	1.495920001	1.647489999	3.639639997	538.5999999	67.60000001	2576.100002	421.2999999	56.91004762	4.581160527	2376000	2.541304286	0.48795	0.523955714	0.492778571	30.20697143	24.64881429	21.51638571	27.60907143
CIV	16.832	64.447	151.45	26.5404	28.8994	29.559	29.3571	2.4	50.779	46.22100067	40.91899872	12.85999966	29	59	89	82925.71	79.83405355	18.6118	24.54209998	91.96629995	100.8913	193.8000001	43.40000005	612.0999993	161.7999999	56.20408488	3.858943012	318000	113.6199	34.12980429	11.29716571	68.60448571	28.74025714	28.3685	26.39151429	29.36605714
GHA	12.165	137.193	328.292	27.761	30.1089	30.5539	30.4132	2.5	56.06	48.46500015	30.43300056	21.10199928	29	59	89	NA	131.8214292	3.788899999	9.741479995	99.2458999	90.62669994	354.8999997	42.2	1154.499999	201.9999998	60.33504042	4.068898009	227540	96.66078571	33.15019714	10.24531	63.63178571	29.8538	29.84418571	27.49767143	30.3952
TGO	8.818	21.018	60.516	27.7838	29.8521	30.483	30.0601	2.4	41.702	48.85400009	38.2840004	12.86200047	29	59	89	75331.679	146.0467732	1.26815	3.831589999	83.63270004	82.97270007	81.80000006	13.19999999	320.8000003	73.59999994	56.79600843	3.869468014	54390	89.08624286	25.48541286	5.300672857	60.69445714	29.68495714	29.64644286	27.53861429	30.32361429
HND	38.568	199.099	700.179	22.647	22.3781	24.8559	25.7447	7.3	57.096	49.11999893	30.67300034	20.20800018	29	59	89	NA	86.68703184	38.96260001	78.41059998	33.337	42.92320001	81.99999993	16.90000002	254.5999998	64.90000003	64.56850084	5.690617656	111890	46.24342857	43.42291429	81.6009	49.33362286	25.47632857	22.9233	22.5091	24.27275714
TUR	501.334	1644.042	2040.739	0.04803	5.45346	7.19877	13.128	11.1	75.143	54.90499878	18.43099976	26.66399956	29	59	89	575608.149	107.9601288	109.679	52.62719997	67.50480002	39.59970002	1597.600001	366.2	3575.999999	900.4999997	67.86737692	9.483212929	769630	57.44348571	62.56812857	86.92121429	62.73455714	11.22573143	2.932818571	0.94195	6.121957143
GAB	19.769	296.981	1479.965	26.7424	27.1061	26.9724	26.7435	6	89.37	55.92399979	33.34400177	10.73099995	29	59	89	NA	9.224764228	99.50999995	135.8319999	255.0909998	292.861	26.8	4.500000002	58.69999997	15.49999999	60.41022287	4.563907472	257670	211.0094286	160.5375714	144.6834571	230.9361429	26.54652857	26.37024286	26.24301429	26.62028571
UKR	43.262	348.289	636.945	-4.8029	2.49111	4.43423	11.9748	6.1	69.352	60.68799973	14.87300014	24.44000053	29	59	89	313389.889	78.02966727	66.75069994	43.12949996	39.95870003	47.59589996	4216.899998	147.8	7515.800004	410.8000001	68.7529004	17.43468644	579290	37.07674286	34.9708	50.99165714	34.6054	10.55697571	-2.429255714	-3.996542857	2.93575
COD	2.401	11.433	47.543	25.2972	25.6821	25.7623	25.0589	6	44.46	24.50200081	65.79599762	9.701999664	30	60	90	NA	38.08259236	132.7869999	126.9739999	170.0150001	178.4390001	651.7	117.3	2238.899998	721.6000008	51.81651733	4.017840619	2267050	149.154	125.9991429	112.5335	172.8638571	24.9147	25.10357143	24.59677143	25.25481429
BFA	21.193	35.927	42.625	25.5632	27.9568	31.9136	33.8337	7.3	29.358	40.66699982	25.90299988	33.43000031	30	60	90	7722.71	73.19128281	1.491950001	1.505159999	10.99692001	37.55949998	162.4	18	623.6999999	134.1	53.64493779	3.40698083	273600	33.75749857	1.644588571	0.403908571	6.09072	32.95322857	28.71125714	25.54574286	31.8911
CMR	27.5	97.153	327.019	24.4585	26.562	27.5832	27.5052	6	56.374	41.09000015	44.06700134	14.84200001	30	60	90	NA	54.34398892	5.085029995	13.00360001	95.20580007	148.855	687.4000003	214.5000002	1238.9	430.8999999	55.63954284	3.728877352	472710	116.3553857	29.23668571	13.54134714	94.77784286	27.08228571	26.16828571	24.39282857	27.05545714
BOL	22.959	218.966	1254.516	23.515	23.377	22.4453	21.8261	6.8	69.425	49.45399857	31.06399918	19.4810009	30	60	90	104887.332	11.48014586	164.2209999	177.263	83.71679991	59.19519997	131.9999999	32.29999998	456.7999997	108.2000001	62.73450492	8.191947399	1083300	77.95208571	200.7554286	185.0744286	136.3474	21.37725714	22.36932857	22.52962857	22.03987143
BIH	266.702	637.037	831.196	0.76063	5.50501	6.10436	11.4734	9	48.245	52.14099884	15.72500038	32.13399887	30	60	90	299418.765	65.92048835	92.05929994	131.3359999	93.21420008	60.95679998	227.8000001	18.79999999	386.4000002	37.30000002	69.76346485	17.47031747	51200	83.60215714	107.8851286	87.64438571	73.15449429	10.73567143	1.740215714	1.08035	5.95687
JAM	21.275	169.528	204.312	24.3646	24.335	25.4236	25.7458	11.3	55.674	67.6760025	16.22900009	16.09499931	30	60	90	858276.797	271.993075	60.70179993	195.0089999	62.17870003	99.37799994	59.4	7.899999995	113.5999999	24.80000001	68.45326084	9.796642545	10830	160.7032714	80.92572143	38.6331	149.5519571	25.66231429	24.19595714	24.19394286	24.80017143
TTO	77.885	82.887	83.602	26.4305	26.1181	26.6402	27.502	11	53.184	69.97000122	3.061000109	26.96899986	30	60	90	274733.454	271.9274856	31.30069999	22.92190002	66.26210007	102.1729999	35.69999999	4.700000001	92.29999999	15.40000001	69.84547384	11.73495353	5130	92.62571429	38.74733429	87.15057143	57.17968714	26.98964286	25.99591429	25.74277143	26.46234286
JOR	36.459	52.925	82.818	8.67852	12.9655	15.6173	20.8414	12.7	90.979	72.16600037	3.134000063	24.70000076	30	60	90	438884.037	113.1424983	13.90250001	12.63839999	21.6257	8.647569996	122.0000001	12	336.5000003	54.69999996	62.90801939	4.846490402	88780	6.053835714	19.44650429	23.20172857	15.00501143	19.39092857	11.93476571	9.883877143	15.14077143
MCO	2140.455	2446.234	2522.679	4.43666	4.91166	5.445	9.185	2.9	100	NA	NA	NA	31	61	91	9013012.969	NA	65.22830001	113.4409999	60.47160005	57.88330002	NA	NA	NA	NA	NA	NA	2	80.62435714	84.01521857	90.51091429	87.87721429	9.164517143	2.646911429	3.30047	5.801425714
PRY	18.086	99.965	166.421	28.7106	28.4127	24.8462	24.9129	9.6	61.585	61.33800125	20.07699966	18.58499908	31	61	91	175605.463	18.50835892	170.6480001	186.3410001	114.2999999	77.56469998	88.30000009	12	259.1999999	48.59999997	65.12927938	7.430215006	397300	131.7016286	132.8916714	126.1950429	98.59047143	23.69468571	27.82121429	28.13907143	25.73764286
CYP	643.91	1025.232	1109.717	10.5137	14.7315	15.3655	19.9464	9	66.81	81.1740036	2.165999889	16.6609993	31	61	91	3366304.999	129.7083333	85.45150007	37.75229996	35.0037	8.802489993	30.30000003	9.199999993	51.29999999	13.79999999	70.49309034	14.71906177	9240	21.01411	67.79674286	125.8516857	38.43817429	17.93864286	12.66807571	11.55384286	14.5989
LIE	2071.479	2176.364	2176.364	-3.2627	-1.9186	-1.7176	2.5712	9.4	14.338	NA	NA	NA	32	62	92	2264608.281	237.9374999	219.8529999	181.2280001	98.64800006	157.8480002	NA	NA	NA	NA	NA	NA	160	114.1924714	101.3290143	149.7291429	96.68641429	2.960422857	-4.449057143	-4.012428571	-0.622615714
COL	43.689	217.421	826.958	26.3748	26.5149	25.9224	25.949	7.4	80.778	63.30099869	16.70899963	19.99099922	32	62	92	80241.039	45.74870215	83.98810007	74.56689994	182.8539999	294.1240003	8.399999999	2.000000002	30.59999997	7.699999997	69.44405702	9.478047023	1109500	274.7638571	121.3725714	97.12154286	185.5277143	25.30284286	25.55791429	25.44945714	25.6079
DOM	216.54	953.825	1881.93	22.713	23.2491	24.0113	24.6884	8.6	81.074	70.95300293	9.312999725	19.73399925	32	62	92	616877.577	220.9785757	61.35660004	140.1779999	147.6730001	271.41	189.3	17.09999998	570.0000004	77.30000001	65.94005302	8.08281748	48310	121.1788857	79.97217143	55.05808571	71.72234286	24.47898571	23.00151429	22.51382857	23.50335714
BRN	308.583	322.298	322.298	26.3743	26.3284	26.6739	27.143	13.3	77.629	82.66300201	1.371000051	15.9659996	32	62	92	656906.831	82.39696401	140.6099999	108.216	108.2049999	206.8969998	4.500000002	2.000000002	14.79999999	4.799999996	73.10039101	5.873147568	5270	265.9387143	199.2484714	371.7534286	219.8823571	26.23457143	25.45405714	25.28585714	25.87941429
MAR	37.225	164.262	228.58	11.9349	12.148	12.9218	16.9673	7	62.453	43.04299927	35.25400162	21.70299911	33	63	93	348359.419	81.72851897	12.19079999	34.3148	24.85049998	11.4514	769.5999999	81.50000005	1395.200001	226.7999999	66.78071506	8.012904819	446300	27.53558857	33.93674286	37.62855714	44.64881429	17.1075	11.06622429	10.50103286	13.74891429
MDA	319.537	1221.38	2485.149	-3.0894	4.29658	6.06929	13.0037	5.7	42.629	47.38899994	36.09899902	16.51300049	33	63	93	45045.314	124.5198036	50.07159998	26.52639999	34.17210003	46.21050004	274.1000003	11.49999999	528.4000001	31.60000003	73.67035286	12.46955635	32870	40.92867143	30.09308571	47.19418571	29.81467143	11.52468571	-0.866335714	-2.379514286	4.592735714
NGA	1.397	21.34	65.315	25.2237	27.7917	31.262	31.2745	3.1	50.344	52.20700073	35.57300186	12.22000027	33	63	93	NA	216.0649891	2.346550002	3.685870003	53.15969995	65.88110002	1735.300001	234.9000001	6953.800005	1601.899999	54.38598305	3.747377009	910770	55.60421429	8.16654	2.584022857	27.94628857	30.68727143	28.23604286	25.38162857	30.3682
ARM	310.809	1118.035	4614.89	-6.037	-1.4276	2.40931	9.06941	6.1	63.149	52.67900085	30.43600082	16.88500023	33	63	93	564822.005	104.6802249	44.84230002	26.18330001	35.9079	44.19729998	128.5000001	14.29999998	228.7000002	27.80000001	69.11276036	12.25381767	28470	65.14718571	31.08618429	29.74905714	42.40342857	8.329037143	-3.368	-5.0992	1.741837143
SEN	14.931	102.067	269.71	26.7347	27.0431	29.2176	31.5744	2.4	47.192	55.89199829	30.70499992	13.40200043	33	63	93	NA	83.34747836	1.000429999	1.893130001	1.000060099	1.73903	153.1000001	26	434.1000002	109.5	54.85774596	4.086823698	192530	0.913982857	0.28287	0.01881	0.062732857	31.24472857	26.81471429	25.4592	29.44425714
SRB	421.333	1486.348	1758.37	-0.0829	6.22884	6.77331	13.037	9	56.092	57.16999817	15.92599964	26.90399933	33	63	93	242440.254	80.83174026	74.42349996	69.74729996	84.43779993	50.47020003	628.5	62.09999997	1012.000001	133	66.9645266	19.34579271	87460	53.21128571	61.49512857	60.95412857	57.26663429	11.82927143	1.754645714	0.666764286	6.30105
BGR	89.804	282.797	415.776	-0.3718	6.65296	7.32957	13.2789	6	75.008	63.30899811	6.578000069	30.11300087	33	63	93	1300958.371	65.70353724	98.93200004	50.62470004	68.78869999	62.58030004	706.8000003	50.60000002	1251.599999	111.7	65.38262022	22.02191444	108560	54.07314286	51.60705714	63.44144286	53.99844286	11.40561857	2.320765714	0.278462857	6.252988571
PAN	637.809	1957.927	3993.957	26.1576	26.174	27.0841	27.0483	7.7	67.709	67.02899933	14.20699978	18.76399994	33	63	93	442475.93	57.18607743	37.84049998	62.96429993	37.88859998	67.28080003	51.2	13.59999999	122.1	39.40000002	65.83296464	9.104731083	74340	118.0484429	56.19185714	62.1064	58.0342	26.82185714	25.74472857	25.59577143	26.48368571
MDV	35.15	1544.746	3592.69	28.8	29.9	29.8	30.2	9.2	39.808	72.78199768	8.732000351	18.48600006	33	63	93	3554553.015	1719.986666	197.9999999	140.0000001	144	172	6.4	2.6	11.20000001	4.9	77.14873884	4.703344607	300	171	139	197	143	29.15714286	29.18571429	28.34285714	29.1
MLT	774.564	1123.344	1435.887	13.6971	15.1645	14.7506	18.7268	8.3	94.612	80.34799957	1.031000018	18.62100029	33	63	93	5948078.493	1512.03125	35.49450002	11.55989999	33.77030002	6.248920003	15.89999999	3.4	25.00000002	5.800000006	66.37377519	21.34932429	320	16.65444429	54.86002857	53.29074286	43.10511429	17.4114	12.87707143	13.23251429	14.42152857
ALB	142.122	301.619	451.386	3.33526	7.55748	7.56366	13.0139	9	60.319	42.93600082	37.31399918	19.75099945	34	64	94	1856679.978	105.6122629	116.1059999	80.28979998	158.0579999	60.52519997	163.5999999	11.89999999	285.5999999	22.69999999	69.58239037	14.7447359	27400	73.46297143	117.5038143	108.2487429	99.68805714	11.59047143	4.198507143	2.949601429	7.22504
IDN	12.039	51.301	120.926	26.9007	26.6521	27.1355	27.4218	6.3	55.325	48.07699966	29.63400078	22.28899956	34	64	94	60547.932	148.7521902	244.8010003	307.4119997	298.036	263.2859997	5034.199996	1070.200001	17963.10002	3853.299996	68.59163703	6.857165619	1811570	300.2675714	261.2307143	275.8807143	284.8141429	26.78055714	26.27024286	26.12695714	26.53034286
TUN	54.406	87.32	91.974	12.0594	13.9411	15.2978	20.4075	8.5	68.945	53.93899918	13.33500004	32.72499847	34	64	94	727775.127	75.44132336	17.13379999	12.91859999	26.06590001	22.00500001	312.6999998	36.20000004	676.5999993	101.6	68.51420062	9.315679082	155360	21.14870143	31.38132857	24.55728571	33.58854286	19.43428571	12.03501857	11.53411429	15.306
PER	159.409	2041.348	6179.09	21.8044	21.3059	21.1203	20.5959	6.6	77.907	57.09999847	27.43099976	15.46800041	35	65	95	139076.706	25.99160624	77.94559992	308.0000004	185.1390002	152.786	312.2000002	95.40000007	906.0000007	295.3	67.1210043	9.088392801	1280000	147.4802429	216.5274286	146.3619429	169.3195714	20.12155714	20.3781	20.50011429	20.27318571
MEX	26.688	271.63	964.076	15.1196	17.9131	19.9754	22.3308	13.5	80.156	61.06299973	12.81000042	26.12800026	35	65	95	323920.839	65.91462642	24.1916	6.462079996	24.59819998	19.21050002	1441.900001	380.7000002	3540.800003	951.5999992	67.21946677	8.223684986	1943950	17.46074286	15.63894571	20.21307	15.92404286	22.38644286	16.97924286	15.3645	19.39651429
SVK	128.397	266.867	280.421	-3.1293	3.77405	4.52999	9.49414	6.5	53.726	61.19100189	2.292999983	36.51599884	35	65	95	415568.907	114.2905782	50.98850001	116.164	33.03849997	46.14959998	217.2999998	16.1	412.3000002	42.59999999	69.92461679	16.6292465	48086	44.26458571	48.51111429	56.37645714	35.29555714	9.476978571	-0.644401429	-2.08652	4.158744286
PSE	51.554	107.225	129.572	NA	NA	NA	NA	9.5	76.164	62.36500168	6.321000099	31.31399918	35	65	95	133141.18	759.984551	NA	NA	NA	NA	NA	NA	NA	NA	58.91933304	4.133305738	6020	NA	NA	NA	NA	NA	NA	NA	NA
LTU	350.807	543.292	634.392	-6.5204	1.11169	2.08805	7.57943	3.8	67.679	67.05000305	7.183000088	25.7670002	35	65	95	983533.052	45.53135133	45.28250002	61.58180001	40.3488	54.27709994	240.3999998	10	399.2999998	22.69999999	66.41254237	20.70503314	62650	42.72792857	37.11174286	48.35574286	29.96001429	7.522534286	-3.116615714	-5.196528571	1.352065714
CRI	105.808	155.474	269.919	25.171	24.8788	26.592	26.0797	9.1	79.34	67.92700195	12.39799976	19.67399979	35	65	95	621130.366	98.91306307	68.06879994	153.2039998	59.73579996	65.31670004	260.4000001	39.40000002	1463.099999	304.3999999	70.12540815	10.54984767	51060	150.9236714	132.7146857	112.8671571	80.07045714	26.21177143	25.00945714	24.88191429	25.76658571
ZAF	32.609	168.862	893.478	24.8558	24.4227	22.2528	19.2176	12.7	66.355	71.68599701	5.166999817	23.14699936	35	65	95	187304.836	48.63011975	71.37969994	35.51399997	59.37500005	24.54239999	815.6999994	238.2999998	2483.400001	836.8000009	66.6025058	6.318005011	1213090	35.89417143	55.3125	67.95714286	55.9872	18.28501429	23.69081429	24.18951429	22.33564286
NZL	210.483	237.857	239.308	15.3962	17.1547	14.5322	11.114	6.2	86.538	74.42299652	5.788000107	19.78899956	35	65	95	785475.358	19.55417569	146.912	100.8911	110.508	109.7089999	101.2000001	27.80000001	170.6000001	62.80000004	65.69414398	16.65242453	263310	141.3126571	97.22944286	119.6339714	130.9660571	11.32577143	15.411	14.92087143	13.58355714
LUX	4976.229	6207.906	6463.507	3.19032	3.90896	4.67132	8.18252	5	90.981	87.19400024	1.05400002	11.75199986	35	65	95	1746223.241	251.093827	119.3080001	111.3510001	76.44429997	85.34080006	14.49999999	4.199999996	23.10000001	7.899999995	70.93802189	15.18315417	2590	51.02252857	63.39862857	91.41371429	43.60971429	9.703891429	2.094308571	2.040038571	5.848351429
AZE	91.329	248.442	807.857	1.06697	4.0662	6.51832	12.6596	6.1	55.68	49.02000046	36.25999832	14.72000027	36	66	96	269711.825	121.26532	30.65420003	24.3279	43.74269998	34.34250001	308.0999998	20.8	727.7999996	68.10000001	71.43524738	7.195182749	82663	44.78295714	31.93796714	25.36742857	38.90622857	12.04628571	1.911567143	1.267754286	5.814211429
MKD	318.233	788.142	1556.125	0.17966	5.86858	6.3927	12.2693	9.3	57.963	52.91899872	15.72200012	31.36000061	36	66	96	339707.199	83.59151473	80.68180006	44.6292	105.379	39.64079995	134.7000001	11.39999999	236.1999998	24.30000002	70.81281906	14.67018137	25220	46.83171429	56.84442857	55.70145714	65.8555	10.56753429	2.088247143	0.089285714	5.777851429
BLR	157.26	2431.18	5319.43	-7.3382	0.91179	2.19525	9.15009	5	78.595	58.05699921	11.31299973	30.62899971	36	66	96	1209788.01	47.72879995	50.14140003	54.95310003	44.93289998	51.40060005	725.8000002	25.59999998	1421	75.99999995	69.28890882	15.84514818	202910	40.25132857	38.34804286	46.94157143	32.42158571	8.626084286	-3.743658571	-6.065742857	1.310861429
LVA	312.268	497.826	577.351	-7.4837	0.30629	1.20721	6.71119	5	68.142	69.36699677	6.972000122	23.6609993	36	66	96	992642.412	31.9833065	48.04280003	55.91510001	35.34899997	59.79120004	166.5000001	6.4	287.5	15.8	64.96060276	21.0436203	62180	41.9196	37.4065	49.3681	31.24425714	6.540997143	-3.754987143	-5.798785714	0.35938
ARG	41.907	127.8	547.573	21.7341	21.2815	17.8405	13.4233	5.9	91.87	77.9940033	0.094999999	21.9109993	36	66	96	158321.727	17.2585101	84.67540002	96.92260004	44.70740002	75.95869994	911.1999999	344.8999997	1833.099998	734.7000003	65.12127726	12.11778889	2736690	50.59328571	82.61091429	69.4518	55.93392857	14.45217143	20.30868571	21.74301429	17.93882857
AFG	12.433	113.08	551.244	3.56651	4.34688	8.86882	14.4279	9.2	25.495	38.53699875	43.38399887	18.07999992	37	67	97	NA	57.93775994	51.33629997	15.28960001	94.73869999	52.97240003	354.6999996	51.80000003	1571.699999	316.0000003	55.3248975	3.584926938	652860	48.71517143	61.90461429	33.05927143	71.24672857	14.5411	2.230882857	1.747385714	8.245734286
ECU	281.414	1675.39	2489.194	23.2397	22.9935	22.9147	22.6801	5.5	63.821	52.64899826	28.82500076	18.52599907	37	67	97	154714.087	69.78868176	173.1860001	175.5840002	357.3680003	321.4289999	173.8	42.8	460.6000004	115.9	65.81411822	8.157289733	248360	315.4358571	254.5162857	199.6535714	270.3961429	22.17648571	22.13638571	22.16244286	22.19565714
POL	147.305	422.653	728.203	-2.7373	3.56709	4.3839	8.71519	6.1	60.058	58.56499863	9.618000031	31.81699944	37	67	97	517075.795	125.0358863	34.99089999	59.39539994	39.0564	43.04229998	1771.899999	193.2	3402.1	436.1999998	68.42990641	18.51781675	306190	35.37778571	29.11787143	44.08417143	31.051	8.973327143	-0.482665714	-2.082821429	4.003492857
SVN	540.662	702.284	714.79	0.17044	4.16018	5.13284	10.2188	5.9	54.541	61.16999817	5.480999947	33.34899902	37	67	97	2143017.443	103.6398596	110.1909999	195.4190002	80.67829991	88.45359998	88.09999992	10.20000001	131.9000001	17.39999999	66.37134537	20.60687966	20140	83.05345714	110.7343143	81.90515714	70.29432857	10.10582571	0.985242857	0.282245714	5.526964286
HUN	123.184	339.946	415.823	-0.9111	5.94804	7.06291	12.6097	6.9	71.351	62.72800064	4.84800005	32.42300034	37	67	97	1787744.378	108.9066056	53.19379999	89.88539991	35.90769999	29.45889999	638.0000004	65.70000007	1130.500001	164.2000001	67.43028247	20.15772537	90530	36.03324286	45.56311429	44.52468571	30.23439143	12.1905	1.611095714	0.139075714	6.751877143
SAU	94.416	1121.622	3118.614	16.1472	18.8529	22.7011	25.963	15.8	83.844	72.69000244	2.519999981	24.79000092	37	67	97	475094.473	16.6766543	3.997160002	4.757120002	11.70989999	22.86569999	350.8999998	30.30000003	1138.099999	155.7000002	72.64306384	4.314088023	2149690	14.79773286	3.44685	5.08948	8.636097143	25.87054286	18.6715	16.56704286	21.71817143
QAT	824.696	7816.568	24948.804	18.0181	19.7468	23.7834	27.6987	15.6	99.135	44.32699966	1.22300005	54.45000076	38	68	98	707952.937	240.5931953	2.02282	3.657660001	10.33993001	3.67215	6.299999993	1.5	39	8.399999999	86.08916549	2.370070338	11610	5.030665714	2.12364	10.92363571	5.912474286	28.0694	19.64854286	18.15322857	23.16872857
CHL	312.405	1510.027	7467.956	13.6241	13.1436	11.9954	7.82234	8.6	87.564	68.45500183	9.215999603	22.32900047	38	68	98	319546.582	26.18944608	12.3407	40.85889996	15.56420001	39.84449997	46070.80004	11317.5	97209.19999	20827.4	69.71629582	12.52980165	743532	34.58315714	37.37532857	30.11394286	35.40007143	8.718372857	12.33107143	13.2439	11.33891429
EST	909.887	1310.93	1467.729	-8.9187	-0.463	0.48438	5.84031	4.2	68.88	67.05699921	3.29399991	29.64900017	39	69	99	2456547.833	31.38610534	52.64290003	60.50029998	34.58340001	62.6303	83.10000004	5.300000005	135.4999999	11.10000001	65.01656937	20.62635685	42390	39.87958571	37.2585	50.27564286	32.11718571	5.546074286	-4.396914286	-6.472057143	-0.580968571
PAK	20.829	140.073	514.739	10.7526	12.5766	17.29	23.092	19.9	36.666	37.59500122	37.41600037	24.98900032	40	70	100	NA	276.2893184	17.1749	9.364359996	58.69479998	21.25179999	3599.900001	777.7000001	10491.79999	2593.899999	61.41741112	5.312774308	770880	29.03532857	31.17548	14.10130429	44.33552857	22.63944286	10.89960143	9.31854	16.67864286
PRT	1368.677	2704.893	3462.49	10.5401	10.1133	10.7139	12.8616	9.8	65.211	69.10900116	6.044000149	24.84700012	40	70	100	1567710.341	113.2394536	178.236	109.8430001	69.44469998	132.191	345.6000002	81.99999993	520.7000004	142.1	65.58823469	22.95385754	91605	85.45275714	106.6893486	120.3774857	100.4788571	13.99228571	9.24943	9.312434286	11.47055714
IRL	1497.227	4657.139	5106.529	5.7706	4.8137	6.2681	7.03313	3.2	63.17	76.41600037	4.769999981	18.81299973	40	70	100	2289080.507	71.45298295	175.654	137.6409999	75.65580001	80.79849994	94.09999991	33.40000001	163.9000002	65.39999995	65.72777865	14.86580169	68890	69.31314286	104.0372571	122.2912429	75.78284286	8.596152857	5.075048571	4.823477143	6.25734
DZA	37.992	130.51	236.756	13.9205	15.9855	18.7271	24.2388	6.7	72.629	59.16799927	10.02299976	30.80900002	41	71	101	65433.619	18.73007507	4.340470001	6.969760006	9.003150002	6.392139996	661.3000005	70.39999998	1577.5	280.3000002	64.48882484	7.362496545	2381741	7.12821	9.410842857	7.265188571	8.836802857	23.7425	14.91838571	13.05278571	19.01841429
CZE	520.031	758.522	910.544	-1.4419	3.35484	4.12353	8.65094	7	73.792	59.70000076	2.802000046	37.4980011	41	71	101	1004674.182	138.6028878	48.25189999	72.62870005	36.70919999	44.08059997	514.2999996	53.00000005	855.6000002	119.4999999	65.99251761	20.42087688	77210	37.80147143	30.24712857	51.53394286	33.29648571	9.453964286	-0.261082857	-1.233492857	4.369477143
OMN	89.492	665.606	3563.608	21.6421	22.0825	25.1476	27.6171	10.1	84.539	62.36800003	4.646999836	32.98500061	41	71	101	520028.078	16.60414541	1.67273	4.916970005	10.39011999	6.926500007	29.69999998	3.000000002	130.1000001	19	76.36070705	3.392786958	309500	10.71906	11.14869571	1.895338571	4.133181429	27.83602857	21.36705714	20.74824286	24.02231429
GEO	54.648	159.181	205.055	-5.6613	-1.1769	2.0339	8.75168	5.8	58.632	44.04299927	42.42499924	13.53199959	42	72	102	1279004.039	66.27520214	109.261	41.63519998	77.70930002	76.46740003	377.5	24.2	664.7000003	53.80000004	66.33926798	15.86549144	69490	86.64438571	54.51027143	72.705	69.66518571	7.520125714	-3.5728	-4.7866	0.957125714
SMR	9812.01	18504.331	20272.261	NA	NA	NA	NA	5.9	97.226	NA	NA	NA	43	73	103	2529845.802	564.0833333	NA	NA	NA	NA	NA	NA	NA	NA	NA	NA	60	NA	NA	NA	NA	NA	NA	NA	NA
ROU	270.407	798.537	1078.56	-2.6834	4.75123	5.91392	12.2033	6.9	53.998	47.6629982	22.30699921	30.03100014	43	73	103	594763.836	85.63984705	56.38319995	41.59530001	52.18389997	61.52010004	1534.7	100.5000001	2602.399998	251.2	67.12674367	19.33870137	230080	52.72827143	37.0152	50.17467143	41.27517143	10.79811571	-0.022342857	-1.69749	4.907304286
HRV	342.73	532.73	547.346	1.54011	6.23965	7.18305	12.4404	5.4	56.947	66.33699799	6.241000175	27.42200089	43	73	103	3991031.752	74.07719806	91.31629996	152.1130001	72.943	58.12620002	254.8999997	25.29999999	398.5999997	45.40000001	66.042627	21.44543303	55960	72.73031429	103.5109	75.52212857	61.69207714	11.96244286	2.755141429	1.84758	7.242702857
BRA	84.009	765.428	3479.041	26.6768	26.5488	26.605	26.7497	10.4	86.569	70.61299896	9.258999825	20.12800026	43	73	103	31884.949	26.06171625	254.2960001	202.9239998	201.5119998	151.8089998	3135.600002	811.3	9215.099991	2201.899998	70.74309024	9.922837837	8358140	183.8964286	224.8045714	233.7227143	237.1892857	25.95544286	26.32238571	26.32264286	26.16612857
GRC	187.565	260.576	293.388	5.54565	9.91884	9.85232	15.0309	4.7	79.058	72.48500061	12.26799965	15.24800014	43	73	103	2802989.391	84.22473244	85.22210007	42.81259998	99.37839993	22.0995	486.3000005	126.2	751.5999993	193.7000001	65.2734831	22.65527207	128900	37.61482857	81.69665714	85.23561429	68.69924286	13.2394	6.930562857	5.298678571	9.233041429
ISL	4829.304	5277.656	5295.238	-2.5931	-3.3576	-0.4306	0.73559	5.8	93.813	79.17700195	4.03000021	16.79299927	43	73	103	7012056.73	4.526922693	66.39179995	105.7380001	79.43179997	56.3753	8.599999995	2.799999998	12.7	4.799999996	66.37258739	15.79509255	100250	63.22655714	94.4695	112.4643714	100.1122286	0.401172857	-1.499827143	-1.239475714	-1.092538571
NLD	1270.042	2487.734	2795.644	4.23661	4.55318	5.40208	8.30201	5.4	91.49	81.73100281	2.09800005	16.17099953	44	74	104	1103510.968	512.45791	101.0609999	77.72359999	54.49780003	62.20650003	427.4999999	132.7	674.6999998	253.1999998	65.69564865	20.19619262	33690	34.04594286	50.37415714	76.44495714	35.78678571	9.518058571	3.072622857	3.168948571	6.186681429
IRQ	30.63	68.792	354.727	10.0133	14.5599	17.2607	22.5203	8.8	70.473	59.24599838	18.38299942	22.37100029	45	75	105	NA	89.53057011	34.47220002	24.278	48.09250004	34.84470002	458.9000003	37.80000001	1346.500001	211.7	59.2898349	4.32359966	434320	22.30365286	20.22155714	27.75504286	26.72121429	22.05172857	13.04257143	10.47720571	16.48471429
KWT	213.087	2034.392	7760.101	13.7238	17.0738	21.5668	25.7991	12.2	100	73.44300079	2.061000109	24.49600029	45	75	105	2099400.996	233.1722224	7.909130001	9.831060008	45.20060003	35.19300004	27.2	4.100000003	152.5000001	22.69999999	76.9106396	3.550472384	17820	11.77758714	8.561861429	14.66718857	15.17923571	25.95258571	16.28377143	13.87432857	20.53017143
NOR	1136.271	1493.938	1579.527	-10.379	-5.8183	-2.6932	0.43394	5.3	82.248	78.42900085	2.105000019	19.46699905	45	75	105	1086962.945	15.55491954	75.78249997	76.24459994	69.58259993	61.78720003	128.0000001	39.09999996	196.3000002	71.70000005	66.40173941	18.04922218	365245	61.9343	74.31295714	78.8936	80.32072857	0.417825714	-7.4925	-8.828542857	-3.787757143
DNK	972.86	1800.524	2071.923	-0.3752	2.36807	3.77877	6.73868	8.3	87.874	79.10900116	2.243000031	18.64900017	45	75	105	2224522.122	139.0673016	56.85789996	63.01689999	42.66239997	54.73400002	144.7	57.00000004	229.6999999	98.3999999	64.72878483	20.81295264	42262	33.72081429	42.55195714	66.50202857	31.83884286	7.602031429	0.540538571	0.205132857	3.658127143
LBN	85.269	123.802	200.427	6.77858	10.9352	12.7156	17.7	11.2	88.593	63.52099991	13.79500008	22.68300056	46	76	106	326970.073	670.4941345	111.0340001	74.3445	60.79239999	28.79950001	183.8	20.89999999	372.6000004	56.80000004	67.90176465	8.002368126	10230	33.36920143	91.3165	136.7435714	56.60948571	15.82798571	9.43066	8.100187143	12.02960571
AUT	1470.954	1752.865	1876.665	-1.9232	1.79674	2.4183	7.25195	6.6	58.297	70.87000275	3.694000006	25.43499947	46	76	106	3522891.997	108.2069266	108.329	133.8630001	64.56999994	90.21410003	358.2000004	50.69999996	508.9999996	99.5999999	67.70048594	20.00156648	82523	68.76635714	65.89631429	83.03147143	59.55492857	7.497471429	-1.495422857	-1.949727143	3.019327143
CHE	2714.736	3492.009	3570.926	-0.3247	1.05076	1.69033	5.90326	5.7	73.797	76.50800323	3.029999971	20.46199989	46	76	106	1237682.57	216.5213783	185.3779999	152.0370002	85.93650003	165.2209998	231.0999997	47.50000004	333.6	93.0000001	67.46582866	19.62321657	39516	111.6930857	90.45501429	118.0147571	72.20784286	6.546215714	-1.457438571	-1.251205714	2.644865714
BHR	521.279	2903.767	9520.546	17.3573	19.3999	23.6044	27.7434	15.6	89.287	63.64799881	1.003999949	35.34799957	47	77	107	8451612.154	2018.2737	2.491879998	3.79934	10.19501	3.787410004	7	2.000000002	25.00000002	7.800000006	79.31935591	3.426333875	771	5.214198571	2.53665	14.64379857	6.02936	28.08742857	19.30491429	17.52127143	22.9906
ISR	1151.632	1903.636	2110.556	11.201	14.9117	16.9175	21.2617	9.7	92.418	81.875	0.952000022	17.17300034	47	77	107	482151.902	411.5268017	44.05640004	34.17659996	23.41970002	13.49099999	118.4999999	31.8	194.8999999	70.89999997	61.09776757	12.97698603	21640	10.82402286	44.2646	64.99261429	24.98273	19.88512857	13.94724286	12.43555714	16.47637143
IRN	788.399	1281.096	2094.545	7.29824	9.16896	13.6676	17.8158	9.6	74.898	50.91899872	17.64800072	31.43300056	52	82	112	90872.38	51.22242014	22.17849999	16.75870001	36.29160004	34.5113	1653.800002	169.2000001	3411.999996	534.6999999	70.33886756	7.184573813	1628760	25.59274286	28.92358571	22.40428571	29.5578	18.23261429	7.669457143	6.381277143	12.64464286
EGY	16.602	91.856	359.889	13.0717	17.0935	18.6792	24.2859	17.2	42.704	48.49200058	24.34799957	27.15999985	53	83	113	117004.444	99.87346925	6.256770007	2.146350001	3.817930004	3.139900001	1921.699999	212.7	6350.300005	1059.299999	61.97149997	6.229779352	995450	1.367097143	3.661478571	4.582345714	2.246278571	23.4226	16.6945	14.11092857	19.2627
NPL	0.309	4.119	140.201	3.93619	6.94576	11.1842	15.1148	7.2	19.74	19.53199959	65.56099701	14.90699959	65	95	125	40472.354	196.9391073	3.694589996	23.75999998	25.33800001	17.53040001	488.9999999	204.7999999	1363.999999	577.8000007	64.85806386	6.72767078	143350	46.67045714	45.06961429	17.55135857	32.48405714	14.15341429	5.580924286	3.340198571	10.35953
KHM	7.118	7.297	7.536	26.5097	26.2987	29.1384	31.0886	6.4	23.388	38.06800079	33.65499878	28.27700043	66	96	126	393405.345	93.05641279	23.72490002	2.710229998	21.2079	27.79740003	222.1000002	41.60000004	906.4999991	230.1999998	65.22990515	5.568680023	176520	72.37078571	12.83175429	19.31307429	40.11462857	29.50474286	27.09457143	25.55797143	28.3237
LKA	8.873	40.302	86.815	26.1549	27.3025	28.5561	29.2301	10.7	18.476	45.68199921	25.2329998	29.08600044	66	96	126	110078.804	346.558922	41.09749999	129.8200001	52.57370005	89.53890006	434.5000002	133.0999999	1173.900001	363.1000001	66.32977926	11.47321975	62710	116.9157	113.4022286	87.87634286	75.92595429	28.50968571	26.66791429	25.88205714	28.00601429
RUS	69.422	1436.864	3325.143	-24.307	-19.446	-12.865	-3.0405	6.1	74.433	67.30899811	5.882999897	26.80800056	66	96	126	170088.633	9.822079545	23.1819	24.38969998	21.11450002	26.54820002	9819.499989	371.5999997	20682.89999	1103.800001	68.41121111	15.67470832	16376870	25.41324286	17.6577	21.3107	20.6112	-3.885971429	-23.30128571	-25.86857143	-14.62057143
FIN	470.156	1076.034	1267.886	-14.995	-4.9438	-2.6349	2.42766	5.6	85.382	73.9509964	3.711999893	22.33699989	68	98	128	586705.021	19.15685566	35.18930002	56.54380004	14.91030001	45.17419997	208	25.49999997	331.3999999	56.50000002	63.13402952	22.72078756	303890	31.14882857	32.9026	35.3857	26.44697143	1.852168571	-9.039528571	-11.72285714	-4.352785714
BEL	2155.637	4580.048	5128.47	4.46931	4.73348	5.43793	8.61794	4.6	98.001	77.94300079	0.994000018	21.06299973	68	98	128	803566.481	378.2149269	116.025	95.25280004	73.18760003	71.15289993	341.2999998	97.20000002	524.9000003	176.5999999	65.15583353	19.78874376	30280	43.492	61.34468571	83.69704286	43.62301429	9.990617143	3.147984286	3.259262857	6.49406
PHL	37.196	98.502	209.817	25.5973	25.1657	26.3042	27.6981	7.1	46.907	56.64300156	24.29299927	19.06399918	69	99	129	69376.554	358.6883052	60.56639994	96.40179999	24.4355	45.27999998	1487.7	397.9999999	6873.700006	1725.900001	64.91439099	6.122568771	298170	91.62625714	111.2299	154.5187714	92.78982857	26.92777143	25.0024	24.56532857	25.87322857
ARE	302.313	1839.966	4034.619	19.9895	20.884	24.4137	27.735	16.3	86.522	63.93899918	1.463999987	34.59700012	70	100	130	2296320.352	136.60911	1.394209999	17.4226	15.92470002	7.828079994	25.8	3.699999999	226.3	66.00000007	85.31148958	2.085000983	83600	8.434334286	14.97552143	3.883202857	7.15499	28.15431429	20.44897143	19.48564286	23.62641429
ESP	3496.37	4871.587	5181.93	7.93758	7.97624	8.73532	11.2886	6.9	80.321	75.46299744	4.203999996	20.33300018	71	101	131	1782212.392	94.5290582	93.2499999	76.86100008	61.67039996	79.97290003	1272.7	449	1922.2	702.0999999	66.95449134	20.37850752	500210	60.94542857	61.66922857	68.23744286	67.41365714	12.17735714	6.662015714	6.521048571	9.302094286
SWE	905.115	2606.327	4547.259	-11.617	-5.5792	-2.1491	1.70761	4.8	87.431	80.14900208	1.699000001	18.15200043	71	101	131	751278.259	26.00104345	41.38759999	47.19369995	32.9057	49.10549995	353.2000001	72.89999995	508.6000002	133.5000001	63.3226896	21.09552495	407310	35.6292	39.48181429	44.25781429	33.88277143	1.751418571	-7.730771429	-9.754842857	-3.213185714
IND	4.646	48.661	200.422	17.9585	21.1902	25.2946	29.147	10.4	34.03	31.72200012	43.32899857	24.9489994	72	102	132	13157.663	455.9380726	8.653329998	10.33450001	22.29710002	22.30670002	18300.9	11076.69999	72209.90007	29699.29998	67.76674251	7.179955656	2973190	34.61808571	14.77066286	11.28585857	17.81971429	28.23208571	19.9984	17.09521429	24.4424
ITA	2375.482	3623.278	3896.028	5.21067	7.25791	7.71718	12.1082	5	70.438	70.13899994	3.757999897	26.10300064	72	102	132	1015950.504	206.4507481	74.32500002	96.19809991	68.53700007	55.03690001	2462.2	465.4999997	3353.100003	713.7000004	64.91920428	23.75167959	294140	63.7688	77.21812857	83.32835714	67.28718571	11.59672857	4.871521429	4.612692857	7.989225714
GBR	958.622	3228.692	4259.199	4.56022	3.6933	5.31805	6.47751	3.9	83.398	80.80400085	1.070000052	18.12599945	72	102	132	553283.486	275.8273919	202.177	115.3590001	99.93859993	94.20930003	1691.5	589.4000007	2828.100001	1107.8	64.92605226	19.39586569	241930	69.07162857	100.7205143	139.239	80.11885714	7.766351429	3.760681429	3.628538571	5.481535714
VNM	2.64	2.959	3.411	20.3977	19.7918	23.0025	27.3298	6	35.919	34.58200073	38.60300064	26.81500053	75	105	135	167182.491	309.125246	85.36690004	21.02540001	24.72709999	68.42700001	1503.299998	379.4000004	3855.199997	1051.199999	70.55234479	8.274978289	310070	64.80165714	21.65552857	57.51731429	36.64072857	25.9839	21.46957143	19.81037143	22.7527
DEU	1354.973	2023.956	2206.401	0.90283	3.35926	4.4341	8.43469	10.4	77.312	71.41100311	1.248999953	27.34000015	75	105	135	470328.89	238.3709696	68.62429993	66.92679994	41.36529996	52.64710005	3829.599996	715.8999993	5519.300004	1267	65.91700795	22.46196199	348900	36.57997143	35.20588571	60.03274286	31.76017143	9.541477143	0.994401429	0.57055	5.082178571
MYS	130.631	205.648	257.554	26.2786	26.1558	26.656	27.1446	16.7	76.036	62.18199921	10.66499996	27.15200043	77	107	137	828286.809	96.9628214	183.5250001	209.2119999	173.8990002	189.0489998	486.6999997	86.49999991	1342.299999	299.8000003	70.33310424	7.671754628	328550	234.9632857	202.904	316.4534286	212.6557143	26.40502857	25.55114286	25.33901429	26.02818571
CAN	549.73	1824.167	2560.585	-19.128	-19.997	-15.174	-9.3411	7.6	81.411	78.94400024	1.485999942	19.56999969	77	107	137	582421.675	5.075308211	25.47409998	28.45029998	28.6842	26.1448	12	2.200000001	23	4.600000003	67.89774252	18.23200667	9093510	26.46032857	21.2438	27.54794286	24.46482857	-9.0341	-21.27271429	-21.57657143	-16.74714286
FRA	1322.65	2130.466	2368.357	5.62777	5.96637	6.67308	9.61717	4.8	80.444	77.20300293	2.507999897	20.28899956	78	108	138	1335234.607	123.3383957	106.525	94.30240007	74.18150003	75.59450003	1574.299998	318.4	2433.600002	614.2999995	63.00891076	21.03462476	547557	61.51631429	63.10801429	75.90135714	54.93311429	10.86083714	4.087582857	4.265364286	7.612891429
AUS	241.256	272.197	284.982	28.3713	28.306	27.0285	23.8023	5.6	86.012	77.4960022	2.617000103	19.88699913	78	108	138	383219.617	4.249129488	78.39080008	44.80909999	70.97350006	17.62279998	456.5999998	139.2999999	750.5000007	313.3999999	66.1529077	16.65647522	7682300	29.48147143	76.17844286	93.92038571	71.00627143	22.45605714	27.72631429	28.5044	25.6754
SGP	326.306	3988.826	6583.204	27.9457	27.9745	28.6169	28.9305	5.5	100	83.4509964	0.736000001	15.81299973	79	109	139	2616775.072	7953.998413	197.1959999	246.0660003	98.43889999	153.0269999	79.69999993	12.89999999	186.7	31.9	77.25833724	12.46338018	709	213.4298571	143.1007314	224.9304286	185.8565571	28.42854286	27.66361429	27.18444286	28.1002
TWN	15.955	18.474	18.6	NA	NA	NA	NA	NA	NA	NA	NA	NA	80	110	140	NA	NA	NA	NA	NA	NA	NA	NA	NA	NA	NA	NA	36193	NA	NA	NA	NA	NA	NA	NA	NA
USA	1407.943	4017.488	5981.372	-2.9203	0.00595	3.66085	8.36253	10.8	82.256	78.75800323	1.368999958	19.87199974	82	112	142	246793.967	36.76608856	44.65109996	40.33149995	58.83839995	63.47379999	8036.700001	2820.700003	17310.49999	6221.900004	66.48330594	16.80765407	9147420	56.60134286	42.23274286	43.67778571	48.1758	7.08467	-3.031207143	-4.538385714	1.491042857
THA	35.43	43.195	44.771	24.1536	24.8159	28.6654	31.2162	7	49.949	45.05899811	32.13600159	22.80500031	83	113	143	554400.991	136.8972068	40.6303	10.60825	15.53159999	32.45419999	1160.299999	402.3000004	3032.600003	1076.099999	72.01211809	12.90089314	510890	73.86828571	13.60357429	27.97576714	39.99882857	29.46645714	25.80918571	23.64527143	27.76845714
KOR	203.826	212.779	232.147	-2.9308	-0.0278	5.78669	12.352	6.9	81.459	69.80200195	4.997000217	25.20199966	83	113	143	299478.758	530.6521034	NA	NA	NA	NA	748.9000007	237.7000001	1356.8	484.8999999	73.60812056	15.41855584	97480	NA	NA	NA	NA	17.24085	-8.443635714	-15.47107143	3.460192857
JPN	36.9	124.909	136.397	0.10616	0.89734	4.76221	10.4544	5.6	91.616	72.07700348	3.493999958	24.42900085	88	118	148	245616.921	348.0734581	97.04909995	81.80230005	76.51599991	150.9070002	4076.599999	1386.6	5998.1	1990.699998	60.72678132	28.57636991	364560	128.9731714	82.3903	67.074	102.7894143	9.284091429	0.335947143	-0.5745	3.874637143
CHN	57.614	58.368	58.498	-8.4061	-4.7359	2.7982	9.53561	9.2	59.152	45.70899963	26.10199928	28.18799973	103	133	163	45623.847	149.3488332	20.06149999	13.30089999	21.37849999	52.18569996	745.6999998	193	1948.8	489.4999998	72.20211376	11.92088353	9388211	40.29072857	14.55134286	10.99713857	24.32134286	8.589164286	-4.711871429	-8.165457143	1.67691
OWID_WRL	202.039	521.744	925.075	NA	NA	NA	NA	NA	NA	NA	NA	NA	103	133	163	NA	NA	NA	NA	NA	NA	NA	NA	NA	NA	NA	NA	129733172.7	NA	NA	NA	NA	NA	NA	NA	NA
